nbServi = 6 ;
nbVehi = 20 ;
nbCust = 70 ;
nbSynch = 30 ;
e
0 287 172 194 464 426 5 334 131 122 201 71 183 427 0 68 10 138 295 257 177 228 125 168 476 361 442 380 87 195 320 289 332 397 169 427 230 466 63 289 433 324 11 270 477 21 38 292 322 53 75 205 125 232 77 143 312 419 100 27 71 419 291 147 206 298 165 213 257 344 198 169 196 418 270 355 337 49 40 213 119 25 433 244 223 276 331 228 426 411 337 163 471 0 261 400 385 427 69 54 260 
l
600 407 292 314 584 546 125 454 251 242 321 191 303 547 120 188 130 258 415 377 297 348 245 288 596 481 562 500 207 315 440 409 452 517 289 547 350 586 183 409 553 444 131 390 597 141 158 412 442 173 195 325 245 352 197 263 432 539 220 147 191 539 411 267 326 418 285 333 377 464 318 289 316 538 390 475 457 169 160 333 239 145 553 364 343 396 451 348 546 531 457 283 591 120 381 520 505 547 189 174 380 
cx
87 74 6 54 22 31 47 28 78 17 8 8 61 80 15 89 57 7 46 69 84 70 41 52 53 25 12 3 59 47 99 7 98 33 44 49 58 55 69 13 65 84 56 88 91 43 0 0 27 54 75 40 44 23 64 66 63 98 88 43 53 24 38 23 51 76 5 8 16 5 74 73 6 89 64 77 62 29 17 82 19 99 56 28 83 46 47 21 43 22 96 8 5 35 61 73 82 16 81 4 0 
cy
21 11 36 0 9 25 23 19 49 22 2 25 27 25 34 8 33 22 20 45 44 8 28 10 32 3 27 13 38 30 30 24 47 21 10 37 22 47 17 1 19 40 3 44 3 16 2 36 29 48 25 37 22 2 6 25 40 23 18 21 33 26 33 43 30 12 41 18 31 46 47 31 20 20 28 20 44 19 2 14 15 39 43 28 18 11 36 17 35 43 28 35 16 25 45 49 7 35 29 14 0 
s
1 1 1 1 1 1 
0 0 0 0 0 1 
0 0 0 0 1 0 
0 0 1 0 0 0 
0 0 1 0 0 0 
1 0 0 0 0 0 
0 0 0 0 0 1 
0 0 0 0 1 0 
0 0 0 0 0 1 
0 0 1 0 0 0 
0 0 0 1 0 0 
0 0 0 0 0 1 
0 0 0 1 0 0 
0 1 0 0 0 0 
1 0 0 0 0 0 
0 0 1 0 0 0 
0 0 0 0 1 0 
1 0 0 0 0 0 
0 1 0 0 0 0 
0 0 0 0 0 1 
0 0 0 1 0 0 
1 0 0 0 0 0 
0 0 0 0 0 1 
1 0 0 0 0 0 
0 0 1 0 0 0 
0 1 0 0 0 0 
0 0 0 0 1 0 
0 0 1 0 0 0 
0 0 0 1 0 0 
0 0 0 1 0 0 
0 0 1 0 0 0 
0 1 0 0 0 0 
0 0 1 0 0 0 
0 1 0 0 0 0 
0 1 0 0 0 0 
0 1 0 0 0 0 
0 0 1 0 0 0 
0 0 0 0 1 0 
0 0 0 1 0 0 
0 1 0 0 0 0 
0 1 0 0 0 0 
1 0 0 0 0 0 
0 0 0 0 0 1 
1 0 0 0 0 0 
0 0 0 1 0 0 
0 0 0 1 0 0 
0 0 1 0 0 0 
0 0 0 0 1 0 
0 0 0 0 1 0 
0 0 0 0 0 1 
0 0 0 1 0 0 
0 1 0 0 0 0 
0 0 0 0 0 1 
0 0 0 0 1 0 
0 0 0 0 0 1 
0 0 0 0 0 1 
1 0 0 0 0 0 
0 0 0 0 0 1 
0 0 0 0 1 0 
0 0 0 1 0 0 
0 0 0 0 0 1 
0 0 0 0 0 1 
0 0 0 1 0 0 
0 0 0 1 0 0 
0 0 1 0 0 0 
0 0 0 0 1 0 
0 0 0 1 0 0 
0 0 0 1 0 0 
0 0 0 0 0 1 
0 0 1 0 0 0 
1 0 0 0 0 0 
0 0 0 1 1 0 
0 0 0 1 0 1 
0 0 0 1 1 0 
0 0 0 1 1 0 
0 0 0 1 1 0 
0 0 0 1 1 0 
0 0 0 1 0 1 
0 0 0 0 1 1 
0 0 0 1 1 0 
0 0 0 0 1 1 
0 0 0 0 1 1 
0 0 0 0 1 1 
0 0 0 0 1 1 
0 0 0 1 1 0 
0 0 0 1 0 1 
1 0 0 0 1 0 
1 0 0 0 1 0 
1 0 0 1 0 0 
0 0 1 0 0 1 
1 0 0 0 0 1 
1 0 0 0 0 1 
0 1 0 0 0 1 
1 0 0 0 1 0 
0 0 1 1 0 0 
0 1 0 0 1 0 
0 1 0 0 0 1 
1 0 0 0 0 1 
0 1 0 0 1 0 
1 0 0 0 1 0 
0 0 1 0 0 1 
delta
31 62 
38 76 
8 16 
1 2 
13 26 
44 88 
17 34 
46 92 
33 66 
14 28 
33 66 
18 36 
47 94 
50 100 
34 68 
50 100 
53 106 
44 88 
45 90 
11 22 
45 90 
5 10 
40 80 
32 64 
26 52 
25 50 
28 56 
32 64 
18 36 
54 108 
38 76 
59 118 
10 20 
56 112 
8 16 
7 14 
41 82 
50 100 
27 54 
11 22 
7 14 
16 32 
27 54 
53 106 
33 66 
0 0 
58 116 
2 4 
18 36 
15 30 
1 2 
15 30 
46 92 
43 86 
43 86 
9 18 
58 116 
2 4 
49 98 
23 46 
33 66 
56 112 
21 42 
33 66 
30 60 
58 116 
19 38 
6 12 
35 70 
0 0 
37 74 
0 0 
0 0 
0 0 
0 0 
0 0 
0 0 
0 0 
0 0 
0 0 
0 0 
0 0 
0 0 
0 0 
0 0 
0 0 
58 116 
23 46 
49 98 
53 106 
42 84 
6 12 
59 118 
57 114 
29 58 
39 78 
35 70 
58 116 
57 114 
30 60 
7 14 
p
0 0 0 0 0 0 
0 0 0 0 0 0 
0 0 0 0 0 0 
0 0 0 0 0 0 
0 0 0 0 0 0 
0 0 0 0 0 0 
0 0 0 0 0 0 
0 0 0 0 0 0 
0 0 0 0 0 0 
0 0 0 0 0 0 
0 0 0 0 0 0 
0 0 0 0 0 0 
0 0 0 0 0 0 
0 0 0 0 0 0 
0 0 0 0 0 0 
0 0 0 0 0 0 
0 0 0 0 0 0 
0 0 0 0 0 0 
0 0 0 0 0 0 
0 0 0 0 0 0 
10 10 10 10 10 10 
10 10 10 10 10 10 
10 10 10 10 10 10 
10 10 10 10 10 10 
10 10 10 10 10 10 
10 10 10 10 10 10 
10 10 10 10 10 10 
10 10 10 10 10 10 
10 10 10 10 10 10 
10 10 10 10 10 10 
10 10 10 10 10 10 
10 10 10 10 10 10 
10 10 10 10 10 10 
10 10 10 10 10 10 
10 10 10 10 10 10 
10 10 10 10 10 10 
10 10 10 10 10 10 
10 10 10 10 10 10 
10 10 10 10 10 10 
10 10 10 10 10 10 
10 10 10 10 10 10 
10 10 10 10 10 10 
10 10 10 10 10 10 
10 10 10 10 10 10 
10 10 10 10 10 10 
10 10 10 10 10 10 
10 10 10 10 10 10 
10 10 10 10 10 10 
10 10 10 10 10 10 
10 10 10 10 10 10 
10 10 10 10 10 10 
10 10 10 10 10 10 
10 10 10 10 10 10 
10 10 10 10 10 10 
10 10 10 10 10 10 
10 10 10 10 10 10 
10 10 10 10 10 10 
10 10 10 10 10 10 
10 10 10 10 10 10 
10 10 10 10 10 10 
10 10 10 10 10 10 
10 10 10 10 10 10 
10 10 10 10 10 10 
10 10 10 10 10 10 
10 10 10 10 10 10 
10 10 10 10 10 10 
10 10 10 10 10 10 
10 10 10 10 10 10 
10 10 10 10 10 10 
10 10 10 10 10 10 
10 10 10 10 10 10 
10 10 10 10 10 10 
10 10 10 10 10 10 
10 10 10 10 10 10 
10 10 10 10 10 10 
10 10 10 10 10 10 
10 10 10 10 10 10 
10 10 10 10 10 10 
10 10 10 10 10 10 
10 10 10 10 10 10 
10 10 10 10 10 10 
10 10 10 10 10 10 
10 10 10 10 10 10 
10 10 10 10 10 10 
10 10 10 10 10 10 
10 10 10 10 10 10 
10 10 10 10 10 10 
10 10 10 10 10 10 
10 10 10 10 10 10 
10 10 10 10 10 10 
10 10 10 10 10 10 
10 10 10 10 10 10 
10 10 10 10 10 10 
10 10 10 10 10 10 
10 10 10 10 10 10 
10 10 10 10 10 10 
10 10 10 10 10 10 
10 10 10 10 10 10 
10 10 10 10 10 10 
10 10 10 10 10 10 
10 10 10 10 10 10 
10 10 10 10 10 10 
10 10 10 10 10 10 
10 10 10 10 10 10 
10 10 10 10 10 10 
10 10 10 10 10 10 
10 10 10 10 10 10 
10 10 10 10 10 10 
10 10 10 10 10 10 
10 10 10 10 10 10 
10 10 10 10 10 10 
10 10 10 10 10 10 
10 10 10 10 10 10 
10 10 10 10 10 10 
10 10 10 10 10 10 
10 10 10 10 10 10 
10 10 10 10 10 10 
10 10 10 10 10 10 
10 10 10 10 10 10 
10 10 10 10 10 10 
10 10 10 10 10 10 
10 10 10 10 10 10 
10 10 10 10 10 10 
10 10 10 10 10 10 
10 10 10 10 10 10 
10 10 10 10 10 10 
10 10 10 10 10 10 
10 10 10 10 10 10 
10 10 10 10 10 10 
10 10 10 10 10 10 
10 10 10 10 10 10 
10 10 10 10 10 10 
10 10 10 10 10 10 
10 10 10 10 10 10 
10 10 10 10 10 10 
10 10 10 10 10 10 
10 10 10 10 10 10 
10 10 10 10 10 10 
10 10 10 10 10 10 
10 10 10 10 10 10 
10 10 10 10 10 10 
10 10 10 10 10 10 
10 10 10 10 10 10 
10 10 10 10 10 10 
10 10 10 10 10 10 
10 10 10 10 10 10 
10 10 10 10 10 10 
10 10 10 10 10 10 
10 10 10 10 10 10 
10 10 10 10 10 10 
10 10 10 10 10 10 
10 10 10 10 10 10 
10 10 10 10 10 10 
10 10 10 10 10 10 
10 10 10 10 10 10 
10 10 10 10 10 10 
10 10 10 10 10 10 
10 10 10 10 10 10 
10 10 10 10 10 10 
10 10 10 10 10 10 
10 10 10 10 10 10 
10 10 10 10 10 10 
10 10 10 10 10 10 
10 10 10 10 10 10 
10 10 10 10 10 10 
10 10 10 10 10 10 
10 10 10 10 10 10 
10 10 10 10 10 10 
10 10 10 10 10 10 
10 10 10 10 10 10 
10 10 10 10 10 10 
10 10 10 10 10 10 
10 10 10 10 10 10 
10 10 10 10 10 10 
10 10 10 10 10 10 
10 10 10 10 10 10 
10 10 10 10 10 10 
10 10 10 10 10 10 
10 10 10 10 10 10 
10 10 10 10 10 10 
10 10 10 10 10 10 
10 10 10 10 10 10 
10 10 10 10 10 10 
10 10 10 10 10 10 
10 10 10 10 10 10 
10 10 10 10 10 10 
10 10 10 10 10 10 
10 10 10 10 10 10 
10 10 10 10 10 10 
10 10 10 10 10 10 
10 10 10 10 10 10 
10 10 10 10 10 10 
10 10 10 10 10 10 
10 10 10 10 10 10 
10 10 10 10 10 10 
10 10 10 10 10 10 
10 10 10 10 10 10 
10 10 10 10 10 10 
10 10 10 10 10 10 
10 10 10 10 10 10 
10 10 10 10 10 10 
10 10 10 10 10 10 
10 10 10 10 10 10 
10 10 10 10 10 10 
10 10 10 10 10 10 
10 10 10 10 10 10 
10 10 10 10 10 10 
10 10 10 10 10 10 
10 10 10 10 10 10 
10 10 10 10 10 10 
10 10 10 10 10 10 
10 10 10 10 10 10 
10 10 10 10 10 10 
10 10 10 10 10 10 
10 10 10 10 10 10 
10 10 10 10 10 10 
10 10 10 10 10 10 
10 10 10 10 10 10 
10 10 10 10 10 10 
10 10 10 10 10 10 
10 10 10 10 10 10 
10 10 10 10 10 10 
10 10 10 10 10 10 
10 10 10 10 10 10 
10 10 10 10 10 10 
10 10 10 10 10 10 
10 10 10 10 10 10 
10 10 10 10 10 10 
10 10 10 10 10 10 
10 10 10 10 10 10 
10 10 10 10 10 10 
10 10 10 10 10 10 
10 10 10 10 10 10 
10 10 10 10 10 10 
10 10 10 10 10 10 
10 10 10 10 10 10 
10 10 10 10 10 10 
10 10 10 10 10 10 
10 10 10 10 10 10 
10 10 10 10 10 10 
10 10 10 10 10 10 
10 10 10 10 10 10 
10 10 10 10 10 10 
10 10 10 10 10 10 
10 10 10 10 10 10 
10 10 10 10 10 10 
10 10 10 10 10 10 
10 10 10 10 10 10 
10 10 10 10 10 10 
10 10 10 10 10 10 
10 10 10 10 10 10 
10 10 10 10 10 10 
10 10 10 10 10 10 
10 10 10 10 10 10 
10 10 10 10 10 10 
10 10 10 10 10 10 
10 10 10 10 10 10 
10 10 10 10 10 10 
10 10 10 10 10 10 
10 10 10 10 10 10 
10 10 10 10 10 10 
10 10 10 10 10 10 
10 10 10 10 10 10 
10 10 10 10 10 10 
10 10 10 10 10 10 
10 10 10 10 10 10 
10 10 10 10 10 10 
10 10 10 10 10 10 
10 10 10 10 10 10 
10 10 10 10 10 10 
10 10 10 10 10 10 
10 10 10 10 10 10 
10 10 10 10 10 10 
10 10 10 10 10 10 
10 10 10 10 10 10 
10 10 10 10 10 10 
10 10 10 10 10 10 
10 10 10 10 10 10 
10 10 10 10 10 10 
10 10 10 10 10 10 
10 10 10 10 10 10 
10 10 10 10 10 10 
10 10 10 10 10 10 
10 10 10 10 10 10 
10 10 10 10 10 10 
10 10 10 10 10 10 
10 10 10 10 10 10 
10 10 10 10 10 10 
10 10 10 10 10 10 
10 10 10 10 10 10 
10 10 10 10 10 10 
10 10 10 10 10 10 
10 10 10 10 10 10 
10 10 10 10 10 10 
10 10 10 10 10 10 
10 10 10 10 10 10 
10 10 10 10 10 10 
10 10 10 10 10 10 
10 10 10 10 10 10 
10 10 10 10 10 10 
10 10 10 10 10 10 
10 10 10 10 10 10 
10 10 10 10 10 10 
10 10 10 10 10 10 
10 10 10 10 10 10 
10 10 10 10 10 10 
10 10 10 10 10 10 
10 10 10 10 10 10 
10 10 10 10 10 10 
10 10 10 10 10 10 
10 10 10 10 10 10 
10 10 10 10 10 10 
10 10 10 10 10 10 
10 10 10 10 10 10 
10 10 10 10 10 10 
10 10 10 10 10 10 
10 10 10 10 10 10 
10 10 10 10 10 10 
10 10 10 10 10 10 
10 10 10 10 10 10 
10 10 10 10 10 10 
10 10 10 10 10 10 
10 10 10 10 10 10 
10 10 10 10 10 10 
10 10 10 10 10 10 
10 10 10 10 10 10 
10 10 10 10 10 10 
10 10 10 10 10 10 
10 10 10 10 10 10 
10 10 10 10 10 10 
10 10 10 10 10 10 
10 10 10 10 10 10 
10 10 10 10 10 10 
10 10 10 10 10 10 
10 10 10 10 10 10 
10 10 10 10 10 10 
10 10 10 10 10 10 
10 10 10 10 10 10 
10 10 10 10 10 10 
10 10 10 10 10 10 
10 10 10 10 10 10 
10 10 10 10 10 10 
10 10 10 10 10 10 
10 10 10 10 10 10 
10 10 10 10 10 10 
10 10 10 10 10 10 
10 10 10 10 10 10 
10 10 10 10 10 10 
10 10 10 10 10 10 
10 10 10 10 10 10 
10 10 10 10 10 10 
10 10 10 10 10 10 
10 10 10 10 10 10 
10 10 10 10 10 10 
10 10 10 10 10 10 
10 10 10 10 10 10 
10 10 10 10 10 10 
10 10 10 10 10 10 
10 10 10 10 10 10 
10 10 10 10 10 10 
10 10 10 10 10 10 
10 10 10 10 10 10 
10 10 10 10 10 10 
10 10 10 10 10 10 
10 10 10 10 10 10 
10 10 10 10 10 10 
10 10 10 10 10 10 
10 10 10 10 10 10 
10 10 10 10 10 10 
10 10 10 10 10 10 
10 10 10 10 10 10 
10 10 10 10 10 10 
10 10 10 10 10 10 
10 10 10 10 10 10 
10 10 10 10 10 10 
10 10 10 10 10 10 
10 10 10 10 10 10 
10 10 10 10 10 10 
10 10 10 10 10 10 
10 10 10 10 10 10 
10 10 10 10 10 10 
10 10 10 10 10 10 
10 10 10 10 10 10 
10 10 10 10 10 10 
10 10 10 10 10 10 
10 10 10 10 10 10 
10 10 10 10 10 10 
10 10 10 10 10 10 
10 10 10 10 10 10 
10 10 10 10 10 10 
10 10 10 10 10 10 
10 10 10 10 10 10 
10 10 10 10 10 10 
10 10 10 10 10 10 
10 10 10 10 10 10 
10 10 10 10 10 10 
10 10 10 10 10 10 
10 10 10 10 10 10 
10 10 10 10 10 10 
10 10 10 10 10 10 
10 10 10 10 10 10 
10 10 10 10 10 10 
10 10 10 10 10 10 
10 10 10 10 10 10 
10 10 10 10 10 10 
10 10 10 10 10 10 
10 10 10 10 10 10 
10 10 10 10 10 10 
10 10 10 10 10 10 
10 10 10 10 10 10 
10 10 10 10 10 10 
10 10 10 10 10 10 
10 10 10 10 10 10 
10 10 10 10 10 10 
10 10 10 10 10 10 
10 10 10 10 10 10 
10 10 10 10 10 10 
10 10 10 10 10 10 
10 10 10 10 10 10 
10 10 10 10 10 10 
10 10 10 10 10 10 
10 10 10 10 10 10 
10 10 10 10 10 10 
10 10 10 10 10 10 
10 10 10 10 10 10 
10 10 10 10 10 10 
10 10 10 10 10 10 
10 10 10 10 10 10 
10 10 10 10 10 10 
10 10 10 10 10 10 
10 10 10 10 10 10 
10 10 10 10 10 10 
10 10 10 10 10 10 
10 10 10 10 10 10 
10 10 10 10 10 10 
10 10 10 10 10 10 
10 10 10 10 10 10 
10 10 10 10 10 10 
10 10 10 10 10 10 
10 10 10 10 10 10 
10 10 10 10 10 10 
10 10 10 10 10 10 
10 10 10 10 10 10 
10 10 10 10 10 10 
10 10 10 10 10 10 
10 10 10 10 10 10 
10 10 10 10 10 10 
10 10 10 10 10 10 
10 10 10 10 10 10 
10 10 10 10 10 10 
10 10 10 10 10 10 
10 10 10 10 10 10 
10 10 10 10 10 10 
10 10 10 10 10 10 
10 10 10 10 10 10 
10 10 10 10 10 10 
10 10 10 10 10 10 
10 10 10 10 10 10 
10 10 10 10 10 10 
10 10 10 10 10 10 
10 10 10 10 10 10 
10 10 10 10 10 10 
10 10 10 10 10 10 
10 10 10 10 10 10 
10 10 10 10 10 10 
10 10 10 10 10 10 
10 10 10 10 10 10 
10 10 10 10 10 10 
10 10 10 10 10 10 
10 10 10 10 10 10 
10 10 10 10 10 10 
10 10 10 10 10 10 
10 10 10 10 10 10 
10 10 10 10 10 10 
10 10 10 10 10 10 
10 10 10 10 10 10 
10 10 10 10 10 10 
10 10 10 10 10 10 
10 10 10 10 10 10 
10 10 10 10 10 10 
10 10 10 10 10 10 
10 10 10 10 10 10 
10 10 10 10 10 10 
10 10 10 10 10 10 
10 10 10 10 10 10 
10 10 10 10 10 10 
10 10 10 10 10 10 
10 10 10 10 10 10 
10 10 10 10 10 10 
10 10 10 10 10 10 
10 10 10 10 10 10 
10 10 10 10 10 10 
10 10 10 10 10 10 
10 10 10 10 10 10 
10 10 10 10 10 10 
10 10 10 10 10 10 
10 10 10 10 10 10 
10 10 10 10 10 10 
10 10 10 10 10 10 
10 10 10 10 10 10 
10 10 10 10 10 10 
10 10 10 10 10 10 
10 10 10 10 10 10 
10 10 10 10 10 10 
10 10 10 10 10 10 
10 10 10 10 10 10 
10 10 10 10 10 10 
10 10 10 10 10 10 
10 10 10 10 10 10 
10 10 10 10 10 10 
10 10 10 10 10 10 
10 10 10 10 10 10 
10 10 10 10 10 10 
10 10 10 10 10 10 
10 10 10 10 10 10 
10 10 10 10 10 10 
10 10 10 10 10 10 
10 10 10 10 10 10 
10 10 10 10 10 10 
10 10 10 10 10 10 
10 10 10 10 10 10 
10 10 10 10 10 10 
10 10 10 10 10 10 
10 10 10 10 10 10 
10 10 10 10 10 10 
10 10 10 10 10 10 
10 10 10 10 10 10 
10 10 10 10 10 10 
10 10 10 10 10 10 
10 10 10 10 10 10 
10 10 10 10 10 10 
10 10 10 10 10 10 
10 10 10 10 10 10 
10 10 10 10 10 10 
10 10 10 10 10 10 
10 10 10 10 10 10 
10 10 10 10 10 10 
10 10 10 10 10 10 
10 10 10 10 10 10 
10 10 10 10 10 10 
10 10 10 10 10 10 
10 10 10 10 10 10 
10 10 10 10 10 10 
10 10 10 10 10 10 
10 10 10 10 10 10 
10 10 10 10 10 10 
10 10 10 10 10 10 
10 10 10 10 10 10 
10 10 10 10 10 10 
10 10 10 10 10 10 
10 10 10 10 10 10 
10 10 10 10 10 10 
10 10 10 10 10 10 
10 10 10 10 10 10 
10 10 10 10 10 10 
10 10 10 10 10 10 
10 10 10 10 10 10 
10 10 10 10 10 10 
10 10 10 10 10 10 
10 10 10 10 10 10 
10 10 10 10 10 10 
10 10 10 10 10 10 
10 10 10 10 10 10 
10 10 10 10 10 10 
10 10 10 10 10 10 
10 10 10 10 10 10 
10 10 10 10 10 10 
10 10 10 10 10 10 
10 10 10 10 10 10 
10 10 10 10 10 10 
10 10 10 10 10 10 
10 10 10 10 10 10 
10 10 10 10 10 10 
10 10 10 10 10 10 
10 10 10 10 10 10 
10 10 10 10 10 10 
10 10 10 10 10 10 
10 10 10 10 10 10 
10 10 10 10 10 10 
10 10 10 10 10 10 
10 10 10 10 10 10 
10 10 10 10 10 10 
10 10 10 10 10 10 
10 10 10 10 10 10 
10 10 10 10 10 10 
10 10 10 10 10 10 
10 10 10 10 10 10 
10 10 10 10 10 10 
10 10 10 10 10 10 
10 10 10 10 10 10 
10 10 10 10 10 10 
10 10 10 10 10 10 
10 10 10 10 10 10 
10 10 10 10 10 10 
10 10 10 10 10 10 
10 10 10 10 10 10 
10 10 10 10 10 10 
10 10 10 10 10 10 
10 10 10 10 10 10 
10 10 10 10 10 10 
10 10 10 10 10 10 
10 10 10 10 10 10 
10 10 10 10 10 10 
10 10 10 10 10 10 
10 10 10 10 10 10 
10 10 10 10 10 10 
10 10 10 10 10 10 
10 10 10 10 10 10 
10 10 10 10 10 10 
10 10 10 10 10 10 
10 10 10 10 10 10 
10 10 10 10 10 10 
10 10 10 10 10 10 
10 10 10 10 10 10 
10 10 10 10 10 10 
10 10 10 10 10 10 
10 10 10 10 10 10 
10 10 10 10 10 10 
10 10 10 10 10 10 
10 10 10 10 10 10 
10 10 10 10 10 10 
10 10 10 10 10 10 
10 10 10 10 10 10 
10 10 10 10 10 10 
10 10 10 10 10 10 
10 10 10 10 10 10 
10 10 10 10 10 10 
10 10 10 10 10 10 
10 10 10 10 10 10 
10 10 10 10 10 10 
10 10 10 10 10 10 
10 10 10 10 10 10 
10 10 10 10 10 10 
10 10 10 10 10 10 
10 10 10 10 10 10 
10 10 10 10 10 10 
10 10 10 10 10 10 
10 10 10 10 10 10 
10 10 10 10 10 10 
10 10 10 10 10 10 
10 10 10 10 10 10 
10 10 10 10 10 10 
10 10 10 10 10 10 
10 10 10 10 10 10 
10 10 10 10 10 10 
10 10 10 10 10 10 
10 10 10 10 10 10 
10 10 10 10 10 10 
10 10 10 10 10 10 
10 10 10 10 10 10 
10 10 10 10 10 10 
10 10 10 10 10 10 
10 10 10 10 10 10 
10 10 10 10 10 10 
10 10 10 10 10 10 
10 10 10 10 10 10 
10 10 10 10 10 10 
10 10 10 10 10 10 
10 10 10 10 10 10 
10 10 10 10 10 10 
10 10 10 10 10 10 
10 10 10 10 10 10 
10 10 10 10 10 10 
10 10 10 10 10 10 
10 10 10 10 10 10 
10 10 10 10 10 10 
10 10 10 10 10 10 
10 10 10 10 10 10 
10 10 10 10 10 10 
10 10 10 10 10 10 
10 10 10 10 10 10 
10 10 10 10 10 10 
10 10 10 10 10 10 
10 10 10 10 10 10 
10 10 10 10 10 10 
10 10 10 10 10 10 
10 10 10 10 10 10 
10 10 10 10 10 10 
10 10 10 10 10 10 
10 10 10 10 10 10 
10 10 10 10 10 10 
10 10 10 10 10 10 
10 10 10 10 10 10 
10 10 10 10 10 10 
10 10 10 10 10 10 
10 10 10 10 10 10 
10 10 10 10 10 10 
10 10 10 10 10 10 
10 10 10 10 10 10 
10 10 10 10 10 10 
10 10 10 10 10 10 
10 10 10 10 10 10 
10 10 10 10 10 10 
10 10 10 10 10 10 
10 10 10 10 10 10 
10 10 10 10 10 10 
10 10 10 10 10 10 
10 10 10 10 10 10 
10 10 10 10 10 10 
10 10 10 10 10 10 
10 10 10 10 10 10 
10 10 10 10 10 10 
10 10 10 10 10 10 
10 10 10 10 10 10 
10 10 10 10 10 10 
10 10 10 10 10 10 
10 10 10 10 10 10 
10 10 10 10 10 10 
10 10 10 10 10 10 
10 10 10 10 10 10 
10 10 10 10 10 10 
10 10 10 10 10 10 
10 10 10 10 10 10 
10 10 10 10 10 10 
10 10 10 10 10 10 
10 10 10 10 10 10 
10 10 10 10 10 10 
10 10 10 10 10 10 
10 10 10 10 10 10 
10 10 10 10 10 10 
10 10 10 10 10 10 
10 10 10 10 10 10 
10 10 10 10 10 10 
10 10 10 10 10 10 
10 10 10 10 10 10 
10 10 10 10 10 10 
10 10 10 10 10 10 
10 10 10 10 10 10 
10 10 10 10 10 10 
10 10 10 10 10 10 
10 10 10 10 10 10 
10 10 10 10 10 10 
10 10 10 10 10 10 
10 10 10 10 10 10 
10 10 10 10 10 10 
10 10 10 10 10 10 
10 10 10 10 10 10 
10 10 10 10 10 10 
10 10 10 10 10 10 
10 10 10 10 10 10 
10 10 10 10 10 10 
10 10 10 10 10 10 
10 10 10 10 10 10 
10 10 10 10 10 10 
10 10 10 10 10 10 
10 10 10 10 10 10 
10 10 10 10 10 10 
10 10 10 10 10 10 
10 10 10 10 10 10 
10 10 10 10 10 10 
10 10 10 10 10 10 
10 10 10 10 10 10 
10 10 10 10 10 10 
10 10 10 10 10 10 
10 10 10 10 10 10 
10 10 10 10 10 10 
10 10 10 10 10 10 
10 10 10 10 10 10 
10 10 10 10 10 10 
10 10 10 10 10 10 
10 10 10 10 10 10 
10 10 10 10 10 10 
10 10 10 10 10 10 
10 10 10 10 10 10 
10 10 10 10 10 10 
10 10 10 10 10 10 
10 10 10 10 10 10 
10 10 10 10 10 10 
10 10 10 10 10 10 
10 10 10 10 10 10 
10 10 10 10 10 10 
10 10 10 10 10 10 
10 10 10 10 10 10 
10 10 10 10 10 10 
10 10 10 10 10 10 
10 10 10 10 10 10 
10 10 10 10 10 10 
10 10 10 10 10 10 
10 10 10 10 10 10 
10 10 10 10 10 10 
10 10 10 10 10 10 
10 10 10 10 10 10 
10 10 10 10 10 10 
10 10 10 10 10 10 
10 10 10 10 10 10 
10 10 10 10 10 10 
10 10 10 10 10 10 
10 10 10 10 10 10 
10 10 10 10 10 10 
10 10 10 10 10 10 
10 10 10 10 10 10 
10 10 10 10 10 10 
10 10 10 10 10 10 
10 10 10 10 10 10 
10 10 10 10 10 10 
10 10 10 10 10 10 
10 10 10 10 10 10 
10 10 10 10 10 10 
10 10 10 10 10 10 
10 10 10 10 10 10 
10 10 10 10 10 10 
10 10 10 10 10 10 
10 10 10 10 10 10 
10 10 10 10 10 10 
10 10 10 10 10 10 
10 10 10 10 10 10 
10 10 10 10 10 10 
10 10 10 10 10 10 
10 10 10 10 10 10 
10 10 10 10 10 10 
10 10 10 10 10 10 
10 10 10 10 10 10 
10 10 10 10 10 10 
10 10 10 10 10 10 
10 10 10 10 10 10 
10 10 10 10 10 10 
10 10 10 10 10 10 
10 10 10 10 10 10 
10 10 10 10 10 10 
10 10 10 10 10 10 
10 10 10 10 10 10 
10 10 10 10 10 10 
10 10 10 10 10 10 
10 10 10 10 10 10 
10 10 10 10 10 10 
10 10 10 10 10 10 
10 10 10 10 10 10 
10 10 10 10 10 10 
10 10 10 10 10 10 
10 10 10 10 10 10 
10 10 10 10 10 10 
10 10 10 10 10 10 
10 10 10 10 10 10 
10 10 10 10 10 10 
10 10 10 10 10 10 
10 10 10 10 10 10 
10 10 10 10 10 10 
10 10 10 10 10 10 
10 10 10 10 10 10 
10 10 10 10 10 10 
10 10 10 10 10 10 
10 10 10 10 10 10 
10 10 10 10 10 10 
10 10 10 10 10 10 
10 10 10 10 10 10 
10 10 10 10 10 10 
10 10 10 10 10 10 
10 10 10 10 10 10 
10 10 10 10 10 10 
10 10 10 10 10 10 
10 10 10 10 10 10 
10 10 10 10 10 10 
10 10 10 10 10 10 
10 10 10 10 10 10 
10 10 10 10 10 10 
10 10 10 10 10 10 
10 10 10 10 10 10 
10 10 10 10 10 10 
10 10 10 10 10 10 
10 10 10 10 10 10 
10 10 10 10 10 10 
10 10 10 10 10 10 
10 10 10 10 10 10 
10 10 10 10 10 10 
10 10 10 10 10 10 
10 10 10 10 10 10 
10 10 10 10 10 10 
10 10 10 10 10 10 
10 10 10 10 10 10 
10 10 10 10 10 10 
10 10 10 10 10 10 
10 10 10 10 10 10 
10 10 10 10 10 10 
10 10 10 10 10 10 
10 10 10 10 10 10 
10 10 10 10 10 10 
10 10 10 10 10 10 
10 10 10 10 10 10 
10 10 10 10 10 10 
10 10 10 10 10 10 
10 10 10 10 10 10 
10 10 10 10 10 10 
10 10 10 10 10 10 
10 10 10 10 10 10 
10 10 10 10 10 10 
10 10 10 10 10 10 
10 10 10 10 10 10 
10 10 10 10 10 10 
10 10 10 10 10 10 
10 10 10 10 10 10 
10 10 10 10 10 10 
10 10 10 10 10 10 
10 10 10 10 10 10 
10 10 10 10 10 10 
10 10 10 10 10 10 
10 10 10 10 10 10 
10 10 10 10 10 10 
10 10 10 10 10 10 
10 10 10 10 10 10 
10 10 10 10 10 10 
10 10 10 10 10 10 
10 10 10 10 10 10 
10 10 10 10 10 10 
10 10 10 10 10 10 
10 10 10 10 10 10 
10 10 10 10 10 10 
10 10 10 10 10 10 
10 10 10 10 10 10 
10 10 10 10 10 10 
10 10 10 10 10 10 
10 10 10 10 10 10 
10 10 10 10 10 10 
10 10 10 10 10 10 
10 10 10 10 10 10 
10 10 10 10 10 10 
10 10 10 10 10 10 
10 10 10 10 10 10 
10 10 10 10 10 10 
10 10 10 10 10 10 
10 10 10 10 10 10 
10 10 10 10 10 10 
10 10 10 10 10 10 
10 10 10 10 10 10 
10 10 10 10 10 10 
10 10 10 10 10 10 
10 10 10 10 10 10 
10 10 10 10 10 10 
10 10 10 10 10 10 
10 10 10 10 10 10 
10 10 10 10 10 10 
10 10 10 10 10 10 
10 10 10 10 10 10 
10 10 10 10 10 10 
10 10 10 10 10 10 
10 10 10 10 10 10 
10 10 10 10 10 10 
10 10 10 10 10 10 
10 10 10 10 10 10 
10 10 10 10 10 10 
10 10 10 10 10 10 
10 10 10 10 10 10 
10 10 10 10 10 10 
10 10 10 10 10 10 
10 10 10 10 10 10 
10 10 10 10 10 10 
10 10 10 10 10 10 
10 10 10 10 10 10 
10 10 10 10 10 10 
10 10 10 10 10 10 
10 10 10 10 10 10 
10 10 10 10 10 10 
10 10 10 10 10 10 
10 10 10 10 10 10 
10 10 10 10 10 10 
10 10 10 10 10 10 
10 10 10 10 10 10 
10 10 10 10 10 10 
10 10 10 10 10 10 
10 10 10 10 10 10 
10 10 10 10 10 10 
10 10 10 10 10 10 
10 10 10 10 10 10 
10 10 10 10 10 10 
10 10 10 10 10 10 
10 10 10 10 10 10 
10 10 10 10 10 10 
10 10 10 10 10 10 
10 10 10 10 10 10 
10 10 10 10 10 10 
10 10 10 10 10 10 
10 10 10 10 10 10 
10 10 10 10 10 10 
10 10 10 10 10 10 
10 10 10 10 10 10 
10 10 10 10 10 10 
10 10 10 10 10 10 
10 10 10 10 10 10 
10 10 10 10 10 10 
10 10 10 10 10 10 
10 10 10 10 10 10 
10 10 10 10 10 10 
10 10 10 10 10 10 
10 10 10 10 10 10 
10 10 10 10 10 10 
10 10 10 10 10 10 
10 10 10 10 10 10 
10 10 10 10 10 10 
10 10 10 10 10 10 
10 10 10 10 10 10 
10 10 10 10 10 10 
10 10 10 10 10 10 
10 10 10 10 10 10 
10 10 10 10 10 10 
10 10 10 10 10 10 
10 10 10 10 10 10 
10 10 10 10 10 10 
10 10 10 10 10 10 
10 10 10 10 10 10 
10 10 10 10 10 10 
10 10 10 10 10 10 
10 10 10 10 10 10 
10 10 10 10 10 10 
10 10 10 10 10 10 
10 10 10 10 10 10 
10 10 10 10 10 10 
10 10 10 10 10 10 
10 10 10 10 10 10 
10 10 10 10 10 10 
10 10 10 10 10 10 
10 10 10 10 10 10 
10 10 10 10 10 10 
10 10 10 10 10 10 
10 10 10 10 10 10 
10 10 10 10 10 10 
10 10 10 10 10 10 
10 10 10 10 10 10 
10 10 10 10 10 10 
10 10 10 10 10 10 
10 10 10 10 10 10 
10 10 10 10 10 10 
10 10 10 10 10 10 
10 10 10 10 10 10 
10 10 10 10 10 10 
10 10 10 10 10 10 
10 10 10 10 10 10 
10 10 10 10 10 10 
10 10 10 10 10 10 
10 10 10 10 10 10 
10 10 10 10 10 10 
10 10 10 10 10 10 
10 10 10 10 10 10 
10 10 10 10 10 10 
10 10 10 10 10 10 
10 10 10 10 10 10 
10 10 10 10 10 10 
10 10 10 10 10 10 
10 10 10 10 10 10 
10 10 10 10 10 10 
10 10 10 10 10 10 
10 10 10 10 10 10 
10 10 10 10 10 10 
10 10 10 10 10 10 
10 10 10 10 10 10 
10 10 10 10 10 10 
10 10 10 10 10 10 
10 10 10 10 10 10 
10 10 10 10 10 10 
10 10 10 10 10 10 
10 10 10 10 10 10 
10 10 10 10 10 10 
10 10 10 10 10 10 
10 10 10 10 10 10 
10 10 10 10 10 10 
10 10 10 10 10 10 
10 10 10 10 10 10 
10 10 10 10 10 10 
10 10 10 10 10 10 
10 10 10 10 10 10 
10 10 10 10 10 10 
10 10 10 10 10 10 
10 10 10 10 10 10 
10 10 10 10 10 10 
10 10 10 10 10 10 
10 10 10 10 10 10 
10 10 10 10 10 10 
10 10 10 10 10 10 
10 10 10 10 10 10 
10 10 10 10 10 10 
10 10 10 10 10 10 
10 10 10 10 10 10 
10 10 10 10 10 10 
10 10 10 10 10 10 
10 10 10 10 10 10 
10 10 10 10 10 10 
10 10 10 10 10 10 
10 10 10 10 10 10 
10 10 10 10 10 10 
10 10 10 10 10 10 
10 10 10 10 10 10 
10 10 10 10 10 10 
10 10 10 10 10 10 
10 10 10 10 10 10 
10 10 10 10 10 10 
10 10 10 10 10 10 
10 10 10 10 10 10 
10 10 10 10 10 10 
10 10 10 10 10 10 
10 10 10 10 10 10 
10 10 10 10 10 10 
10 10 10 10 10 10 
10 10 10 10 10 10 
10 10 10 10 10 10 
10 10 10 10 10 10 
10 10 10 10 10 10 
10 10 10 10 10 10 
10 10 10 10 10 10 
10 10 10 10 10 10 
10 10 10 10 10 10 
10 10 10 10 10 10 
10 10 10 10 10 10 
10 10 10 10 10 10 
10 10 10 10 10 10 
10 10 10 10 10 10 
10 10 10 10 10 10 
10 10 10 10 10 10 
10 10 10 10 10 10 
10 10 10 10 10 10 
10 10 10 10 10 10 
10 10 10 10 10 10 
10 10 10 10 10 10 
10 10 10 10 10 10 
10 10 10 10 10 10 
10 10 10 10 10 10 
10 10 10 10 10 10 
10 10 10 10 10 10 
10 10 10 10 10 10 
10 10 10 10 10 10 
10 10 10 10 10 10 
10 10 10 10 10 10 
10 10 10 10 10 10 
10 10 10 10 10 10 
10 10 10 10 10 10 
10 10 10 10 10 10 
10 10 10 10 10 10 
10 10 10 10 10 10 
10 10 10 10 10 10 
10 10 10 10 10 10 
10 10 10 10 10 10 
10 10 10 10 10 10 
10 10 10 10 10 10 
10 10 10 10 10 10 
10 10 10 10 10 10 
10 10 10 10 10 10 
10 10 10 10 10 10 
10 10 10 10 10 10 
10 10 10 10 10 10 
10 10 10 10 10 10 
10 10 10 10 10 10 
10 10 10 10 10 10 
10 10 10 10 10 10 
10 10 10 10 10 10 
10 10 10 10 10 10 
10 10 10 10 10 10 
10 10 10 10 10 10 
10 10 10 10 10 10 
10 10 10 10 10 10 
10 10 10 10 10 10 
10 10 10 10 10 10 
10 10 10 10 10 10 
10 10 10 10 10 10 
10 10 10 10 10 10 
10 10 10 10 10 10 
10 10 10 10 10 10 
10 10 10 10 10 10 
10 10 10 10 10 10 
10 10 10 10 10 10 
10 10 10 10 10 10 
10 10 10 10 10 10 
10 10 10 10 10 10 
10 10 10 10 10 10 
10 10 10 10 10 10 
10 10 10 10 10 10 
10 10 10 10 10 10 
10 10 10 10 10 10 
10 10 10 10 10 10 
10 10 10 10 10 10 
10 10 10 10 10 10 
10 10 10 10 10 10 
10 10 10 10 10 10 
10 10 10 10 10 10 
10 10 10 10 10 10 
10 10 10 10 10 10 
10 10 10 10 10 10 
10 10 10 10 10 10 
10 10 10 10 10 10 
10 10 10 10 10 10 
10 10 10 10 10 10 
10 10 10 10 10 10 
10 10 10 10 10 10 
10 10 10 10 10 10 
10 10 10 10 10 10 
10 10 10 10 10 10 
10 10 10 10 10 10 
10 10 10 10 10 10 
10 10 10 10 10 10 
10 10 10 10 10 10 
10 10 10 10 10 10 
10 10 10 10 10 10 
10 10 10 10 10 10 
10 10 10 10 10 10 
10 10 10 10 10 10 
10 10 10 10 10 10 
10 10 10 10 10 10 
10 10 10 10 10 10 
10 10 10 10 10 10 
10 10 10 10 10 10 
10 10 10 10 10 10 
10 10 10 10 10 10 
10 10 10 10 10 10 
10 10 10 10 10 10 
10 10 10 10 10 10 
10 10 10 10 10 10 
10 10 10 10 10 10 
10 10 10 10 10 10 
10 10 10 10 10 10 
10 10 10 10 10 10 
10 10 10 10 10 10 
10 10 10 10 10 10 
10 10 10 10 10 10 
10 10 10 10 10 10 
10 10 10 10 10 10 
10 10 10 10 10 10 
10 10 10 10 10 10 
10 10 10 10 10 10 
10 10 10 10 10 10 
10 10 10 10 10 10 
10 10 10 10 10 10 
10 10 10 10 10 10 
10 10 10 10 10 10 
10 10 10 10 10 10 
10 10 10 10 10 10 
10 10 10 10 10 10 
10 10 10 10 10 10 
10 10 10 10 10 10 
10 10 10 10 10 10 
10 10 10 10 10 10 
10 10 10 10 10 10 
10 10 10 10 10 10 
10 10 10 10 10 10 
10 10 10 10 10 10 
10 10 10 10 10 10 
10 10 10 10 10 10 
10 10 10 10 10 10 
10 10 10 10 10 10 
10 10 10 10 10 10 
10 10 10 10 10 10 
10 10 10 10 10 10 
10 10 10 10 10 10 
10 10 10 10 10 10 
10 10 10 10 10 10 
10 10 10 10 10 10 
10 10 10 10 10 10 
10 10 10 10 10 10 
10 10 10 10 10 10 
10 10 10 10 10 10 
10 10 10 10 10 10 
10 10 10 10 10 10 
10 10 10 10 10 10 
10 10 10 10 10 10 
10 10 10 10 10 10 
10 10 10 10 10 10 
10 10 10 10 10 10 
10 10 10 10 10 10 
10 10 10 10 10 10 
10 10 10 10 10 10 
10 10 10 10 10 10 
10 10 10 10 10 10 
10 10 10 10 10 10 
10 10 10 10 10 10 
10 10 10 10 10 10 
10 10 10 10 10 10 
10 10 10 10 10 10 
10 10 10 10 10 10 
10 10 10 10 10 10 
10 10 10 10 10 10 
10 10 10 10 10 10 
10 10 10 10 10 10 
10 10 10 10 10 10 
10 10 10 10 10 10 
10 10 10 10 10 10 
10 10 10 10 10 10 
10 10 10 10 10 10 
10 10 10 10 10 10 
10 10 10 10 10 10 
10 10 10 10 10 10 
10 10 10 10 10 10 
10 10 10 10 10 10 
10 10 10 10 10 10 
10 10 10 10 10 10 
10 10 10 10 10 10 
10 10 10 10 10 10 
10 10 10 10 10 10 
10 10 10 10 10 10 
10 10 10 10 10 10 
10 10 10 10 10 10 
10 10 10 10 10 10 
10 10 10 10 10 10 
10 10 10 10 10 10 
10 10 10 10 10 10 
10 10 10 10 10 10 
10 10 10 10 10 10 
10 10 10 10 10 10 
10 10 10 10 10 10 
10 10 10 10 10 10 
10 10 10 10 10 10 
10 10 10 10 10 10 
10 10 10 10 10 10 
10 10 10 10 10 10 
10 10 10 10 10 10 
10 10 10 10 10 10 
10 10 10 10 10 10 
10 10 10 10 10 10 
10 10 10 10 10 10 
10 10 10 10 10 10 
10 10 10 10 10 10 
10 10 10 10 10 10 
10 10 10 10 10 10 
10 10 10 10 10 10 
10 10 10 10 10 10 
10 10 10 10 10 10 
10 10 10 10 10 10 
10 10 10 10 10 10 
10 10 10 10 10 10 
10 10 10 10 10 10 
10 10 10 10 10 10 
10 10 10 10 10 10 
10 10 10 10 10 10 
10 10 10 10 10 10 
10 10 10 10 10 10 
10 10 10 10 10 10 
10 10 10 10 10 10 
10 10 10 10 10 10 
10 10 10 10 10 10 
10 10 10 10 10 10 
10 10 10 10 10 10 
10 10 10 10 10 10 
10 10 10 10 10 10 
10 10 10 10 10 10 
10 10 10 10 10 10 
10 10 10 10 10 10 
10 10 10 10 10 10 
10 10 10 10 10 10 
10 10 10 10 10 10 
10 10 10 10 10 10 
10 10 10 10 10 10 
10 10 10 10 10 10 
10 10 10 10 10 10 
10 10 10 10 10 10 
10 10 10 10 10 10 
10 10 10 10 10 10 
10 10 10 10 10 10 
10 10 10 10 10 10 
10 10 10 10 10 10 
10 10 10 10 10 10 
10 10 10 10 10 10 
10 10 10 10 10 10 
10 10 10 10 10 10 
10 10 10 10 10 10 
10 10 10 10 10 10 
10 10 10 10 10 10 
10 10 10 10 10 10 
10 10 10 10 10 10 
10 10 10 10 10 10 
10 10 10 10 10 10 
10 10 10 10 10 10 
10 10 10 10 10 10 
10 10 10 10 10 10 
10 10 10 10 10 10 
10 10 10 10 10 10 
10 10 10 10 10 10 
10 10 10 10 10 10 
10 10 10 10 10 10 
10 10 10 10 10 10 
10 10 10 10 10 10 
10 10 10 10 10 10 
10 10 10 10 10 10 
10 10 10 10 10 10 
10 10 10 10 10 10 
10 10 10 10 10 10 
10 10 10 10 10 10 
10 10 10 10 10 10 
10 10 10 10 10 10 
10 10 10 10 10 10 
10 10 10 10 10 10 
10 10 10 10 10 10 
10 10 10 10 10 10 
10 10 10 10 10 10 
10 10 10 10 10 10 
10 10 10 10 10 10 
10 10 10 10 10 10 
10 10 10 10 10 10 
10 10 10 10 10 10 
10 10 10 10 10 10 
10 10 10 10 10 10 
10 10 10 10 10 10 
10 10 10 10 10 10 
10 10 10 10 10 10 
10 10 10 10 10 10 
10 10 10 10 10 10 
10 10 10 10 10 10 
10 10 10 10 10 10 
10 10 10 10 10 10 
10 10 10 10 10 10 
10 10 10 10 10 10 
10 10 10 10 10 10 
10 10 10 10 10 10 
10 10 10 10 10 10 
10 10 10 10 10 10 
10 10 10 10 10 10 
10 10 10 10 10 10 
10 10 10 10 10 10 
10 10 10 10 10 10 
10 10 10 10 10 10 
10 10 10 10 10 10 
10 10 10 10 10 10 
10 10 10 10 10 10 
10 10 10 10 10 10 
10 10 10 10 10 10 
10 10 10 10 10 10 
10 10 10 10 10 10 
10 10 10 10 10 10 
10 10 10 10 10 10 
10 10 10 10 10 10 
10 10 10 10 10 10 
10 10 10 10 10 10 
10 10 10 10 10 10 
10 10 10 10 10 10 
10 10 10 10 10 10 
10 10 10 10 10 10 
10 10 10 10 10 10 
10 10 10 10 10 10 
10 10 10 10 10 10 
10 10 10 10 10 10 
10 10 10 10 10 10 
10 10 10 10 10 10 
10 10 10 10 10 10 
10 10 10 10 10 10 
10 10 10 10 10 10 
10 10 10 10 10 10 
10 10 10 10 10 10 
10 10 10 10 10 10 
10 10 10 10 10 10 
10 10 10 10 10 10 
10 10 10 10 10 10 
10 10 10 10 10 10 
10 10 10 10 10 10 
10 10 10 10 10 10 
10 10 10 10 10 10 
10 10 10 10 10 10 
10 10 10 10 10 10 
10 10 10 10 10 10 
10 10 10 10 10 10 
10 10 10 10 10 10 
10 10 10 10 10 10 
10 10 10 10 10 10 
10 10 10 10 10 10 
10 10 10 10 10 10 
10 10 10 10 10 10 
10 10 10 10 10 10 
10 10 10 10 10 10 
10 10 10 10 10 10 
10 10 10 10 10 10 
10 10 10 10 10 10 
10 10 10 10 10 10 
10 10 10 10 10 10 
10 10 10 10 10 10 
10 10 10 10 10 10 
10 10 10 10 10 10 
10 10 10 10 10 10 
10 10 10 10 10 10 
10 10 10 10 10 10 
10 10 10 10 10 10 
10 10 10 10 10 10 
10 10 10 10 10 10 
10 10 10 10 10 10 
10 10 10 10 10 10 
10 10 10 10 10 10 
10 10 10 10 10 10 
10 10 10 10 10 10 
10 10 10 10 10 10 
10 10 10 10 10 10 
10 10 10 10 10 10 
10 10 10 10 10 10 
10 10 10 10 10 10 
10 10 10 10 10 10 
10 10 10 10 10 10 
10 10 10 10 10 10 
10 10 10 10 10 10 
10 10 10 10 10 10 
10 10 10 10 10 10 
10 10 10 10 10 10 
10 10 10 10 10 10 
10 10 10 10 10 10 
10 10 10 10 10 10 
10 10 10 10 10 10 
10 10 10 10 10 10 
10 10 10 10 10 10 
10 10 10 10 10 10 
10 10 10 10 10 10 
10 10 10 10 10 10 
10 10 10 10 10 10 
10 10 10 10 10 10 
10 10 10 10 10 10 
10 10 10 10 10 10 
10 10 10 10 10 10 
10 10 10 10 10 10 
10 10 10 10 10 10 
10 10 10 10 10 10 
10 10 10 10 10 10 
10 10 10 10 10 10 
10 10 10 10 10 10 
10 10 10 10 10 10 
10 10 10 10 10 10 
10 10 10 10 10 10 
10 10 10 10 10 10 
10 10 10 10 10 10 
10 10 10 10 10 10 
10 10 10 10 10 10 
10 10 10 10 10 10 
10 10 10 10 10 10 
10 10 10 10 10 10 
10 10 10 10 10 10 
10 10 10 10 10 10 
10 10 10 10 10 10 
10 10 10 10 10 10 
10 10 10 10 10 10 
10 10 10 10 10 10 
10 10 10 10 10 10 
10 10 10 10 10 10 
10 10 10 10 10 10 
10 10 10 10 10 10 
10 10 10 10 10 10 
10 10 10 10 10 10 
10 10 10 10 10 10 
10 10 10 10 10 10 
10 10 10 10 10 10 
10 10 10 10 10 10 
10 10 10 10 10 10 
10 10 10 10 10 10 
10 10 10 10 10 10 
10 10 10 10 10 10 
10 10 10 10 10 10 
10 10 10 10 10 10 
10 10 10 10 10 10 
10 10 10 10 10 10 
10 10 10 10 10 10 
10 10 10 10 10 10 
10 10 10 10 10 10 
10 10 10 10 10 10 
10 10 10 10 10 10 
10 10 10 10 10 10 
10 10 10 10 10 10 
10 10 10 10 10 10 
10 10 10 10 10 10 
10 10 10 10 10 10 
10 10 10 10 10 10 
10 10 10 10 10 10 
10 10 10 10 10 10 
10 10 10 10 10 10 
10 10 10 10 10 10 
10 10 10 10 10 10 
10 10 10 10 10 10 
10 10 10 10 10 10 
10 10 10 10 10 10 
10 10 10 10 10 10 
10 10 10 10 10 10 
10 10 10 10 10 10 
10 10 10 10 10 10 
10 10 10 10 10 10 
10 10 10 10 10 10 
10 10 10 10 10 10 
10 10 10 10 10 10 
10 10 10 10 10 10 
10 10 10 10 10 10 
10 10 10 10 10 10 
10 10 10 10 10 10 
10 10 10 10 10 10 
10 10 10 10 10 10 
10 10 10 10 10 10 
10 10 10 10 10 10 
10 10 10 10 10 10 
10 10 10 10 10 10 
10 10 10 10 10 10 
10 10 10 10 10 10 
10 10 10 10 10 10 
10 10 10 10 10 10 
10 10 10 10 10 10 
10 10 10 10 10 10 
10 10 10 10 10 10 
10 10 10 10 10 10 
10 10 10 10 10 10 
10 10 10 10 10 10 
10 10 10 10 10 10 
10 10 10 10 10 10 
10 10 10 10 10 10 
10 10 10 10 10 10 
10 10 10 10 10 10 
10 10 10 10 10 10 
10 10 10 10 10 10 
10 10 10 10 10 10 
10 10 10 10 10 10 
10 10 10 10 10 10 
10 10 10 10 10 10 
10 10 10 10 10 10 
10 10 10 10 10 10 
10 10 10 10 10 10 
10 10 10 10 10 10 
10 10 10 10 10 10 
10 10 10 10 10 10 
10 10 10 10 10 10 
10 10 10 10 10 10 
10 10 10 10 10 10 
10 10 10 10 10 10 
10 10 10 10 10 10 
10 10 10 10 10 10 
10 10 10 10 10 10 
10 10 10 10 10 10 
10 10 10 10 10 10 
10 10 10 10 10 10 
10 10 10 10 10 10 
10 10 10 10 10 10 
10 10 10 10 10 10 
10 10 10 10 10 10 
10 10 10 10 10 10 
10 10 10 10 10 10 
10 10 10 10 10 10 
10 10 10 10 10 10 
10 10 10 10 10 10 
10 10 10 10 10 10 
10 10 10 10 10 10 
10 10 10 10 10 10 
10 10 10 10 10 10 
10 10 10 10 10 10 
10 10 10 10 10 10 
10 10 10 10 10 10 
10 10 10 10 10 10 
10 10 10 10 10 10 
10 10 10 10 10 10 
10 10 10 10 10 10 
10 10 10 10 10 10 
10 10 10 10 10 10 
10 10 10 10 10 10 
10 10 10 10 10 10 
10 10 10 10 10 10 
10 10 10 10 10 10 
10 10 10 10 10 10 
10 10 10 10 10 10 
10 10 10 10 10 10 
10 10 10 10 10 10 
10 10 10 10 10 10 
10 10 10 10 10 10 
10 10 10 10 10 10 
10 10 10 10 10 10 
10 10 10 10 10 10 
10 10 10 10 10 10 
10 10 10 10 10 10 
10 10 10 10 10 10 
10 10 10 10 10 10 
10 10 10 10 10 10 
10 10 10 10 10 10 
10 10 10 10 10 10 
10 10 10 10 10 10 
10 10 10 10 10 10 
10 10 10 10 10 10 
10 10 10 10 10 10 
10 10 10 10 10 10 
10 10 10 10 10 10 
10 10 10 10 10 10 
10 10 10 10 10 10 
10 10 10 10 10 10 
10 10 10 10 10 10 
10 10 10 10 10 10 
10 10 10 10 10 10 
10 10 10 10 10 10 
10 10 10 10 10 10 
10 10 10 10 10 10 
10 10 10 10 10 10 
10 10 10 10 10 10 
10 10 10 10 10 10 
10 10 10 10 10 10 
10 10 10 10 10 10 
10 10 10 10 10 10 
10 10 10 10 10 10 
10 10 10 10 10 10 
10 10 10 10 10 10 
10 10 10 10 10 10 
10 10 10 10 10 10 
10 10 10 10 10 10 
10 10 10 10 10 10 
10 10 10 10 10 10 
10 10 10 10 10 10 
10 10 10 10 10 10 
10 10 10 10 10 10 
10 10 10 10 10 10 
10 10 10 10 10 10 
10 10 10 10 10 10 
10 10 10 10 10 10 
10 10 10 10 10 10 
10 10 10 10 10 10 
10 10 10 10 10 10 
10 10 10 10 10 10 
10 10 10 10 10 10 
10 10 10 10 10 10 
10 10 10 10 10 10 
10 10 10 10 10 10 
10 10 10 10 10 10 
10 10 10 10 10 10 
10 10 10 10 10 10 
10 10 10 10 10 10 
10 10 10 10 10 10 
10 10 10 10 10 10 
10 10 10 10 10 10 
10 10 10 10 10 10 
10 10 10 10 10 10 
10 10 10 10 10 10 
10 10 10 10 10 10 
10 10 10 10 10 10 
10 10 10 10 10 10 
10 10 10 10 10 10 
10 10 10 10 10 10 
10 10 10 10 10 10 
10 10 10 10 10 10 
10 10 10 10 10 10 
10 10 10 10 10 10 
10 10 10 10 10 10 
10 10 10 10 10 10 
10 10 10 10 10 10 
10 10 10 10 10 10 
10 10 10 10 10 10 
10 10 10 10 10 10 
10 10 10 10 10 10 
10 10 10 10 10 10 
10 10 10 10 10 10 
10 10 10 10 10 10 
10 10 10 10 10 10 
10 10 10 10 10 10 
10 10 10 10 10 10 
10 10 10 10 10 10 
10 10 10 10 10 10 
10 10 10 10 10 10 
10 10 10 10 10 10 
10 10 10 10 10 10 
10 10 10 10 10 10 
10 10 10 10 10 10 
10 10 10 10 10 10 
10 10 10 10 10 10 
10 10 10 10 10 10 
10 10 10 10 10 10 
10 10 10 10 10 10 
10 10 10 10 10 10 
10 10 10 10 10 10 
10 10 10 10 10 10 
10 10 10 10 10 10 
10 10 10 10 10 10 
10 10 10 10 10 10 
10 10 10 10 10 10 
10 10 10 10 10 10 
10 10 10 10 10 10 
10 10 10 10 10 10 
10 10 10 10 10 10 
10 10 10 10 10 10 
10 10 10 10 10 10 
10 10 10 10 10 10 
10 10 10 10 10 10 
10 10 10 10 10 10 
10 10 10 10 10 10 
10 10 10 10 10 10 
10 10 10 10 10 10 
10 10 10 10 10 10 
10 10 10 10 10 10 
10 10 10 10 10 10 
10 10 10 10 10 10 
10 10 10 10 10 10 
10 10 10 10 10 10 
10 10 10 10 10 10 
10 10 10 10 10 10 
10 10 10 10 10 10 
10 10 10 10 10 10 
10 10 10 10 10 10 
10 10 10 10 10 10 
10 10 10 10 10 10 
10 10 10 10 10 10 
10 10 10 10 10 10 
10 10 10 10 10 10 
10 10 10 10 10 10 
10 10 10 10 10 10 
10 10 10 10 10 10 
10 10 10 10 10 10 
10 10 10 10 10 10 
10 10 10 10 10 10 
10 10 10 10 10 10 
10 10 10 10 10 10 
10 10 10 10 10 10 
10 10 10 10 10 10 
10 10 10 10 10 10 
10 10 10 10 10 10 
10 10 10 10 10 10 
10 10 10 10 10 10 
10 10 10 10 10 10 
10 10 10 10 10 10 
10 10 10 10 10 10 
10 10 10 10 10 10 
10 10 10 10 10 10 
10 10 10 10 10 10 
10 10 10 10 10 10 
10 10 10 10 10 10 
10 10 10 10 10 10 
10 10 10 10 10 10 
10 10 10 10 10 10 
10 10 10 10 10 10 
10 10 10 10 10 10 
10 10 10 10 10 10 
10 10 10 10 10 10 
10 10 10 10 10 10 
10 10 10 10 10 10 
10 10 10 10 10 10 
10 10 10 10 10 10 
10 10 10 10 10 10 
10 10 10 10 10 10 
10 10 10 10 10 10 
10 10 10 10 10 10 
10 10 10 10 10 10 
10 10 10 10 10 10 
10 10 10 10 10 10 
10 10 10 10 10 10 
10 10 10 10 10 10 
10 10 10 10 10 10 
10 10 10 10 10 10 
10 10 10 10 10 10 
10 10 10 10 10 10 
10 10 10 10 10 10 
10 10 10 10 10 10 
10 10 10 10 10 10 
10 10 10 10 10 10 
10 10 10 10 10 10 
10 10 10 10 10 10 
10 10 10 10 10 10 
10 10 10 10 10 10 
10 10 10 10 10 10 
10 10 10 10 10 10 
10 10 10 10 10 10 
10 10 10 10 10 10 
10 10 10 10 10 10 
10 10 10 10 10 10 
10 10 10 10 10 10 
10 10 10 10 10 10 
10 10 10 10 10 10 
10 10 10 10 10 10 
10 10 10 10 10 10 
10 10 10 10 10 10 
10 10 10 10 10 10 
10 10 10 10 10 10 
10 10 10 10 10 10 
10 10 10 10 10 10 
10 10 10 10 10 10 
10 10 10 10 10 10 
10 10 10 10 10 10 
10 10 10 10 10 10 
10 10 10 10 10 10 
10 10 10 10 10 10 
10 10 10 10 10 10 
10 10 10 10 10 10 
10 10 10 10 10 10 
10 10 10 10 10 10 
10 10 10 10 10 10 
10 10 10 10 10 10 
10 10 10 10 10 10 
10 10 10 10 10 10 
10 10 10 10 10 10 
10 10 10 10 10 10 
10 10 10 10 10 10 
10 10 10 10 10 10 
10 10 10 10 10 10 
10 10 10 10 10 10 
10 10 10 10 10 10 
10 10 10 10 10 10 
10 10 10 10 10 10 
10 10 10 10 10 10 
10 10 10 10 10 10 
10 10 10 10 10 10 
10 10 10 10 10 10 
10 10 10 10 10 10 
10 10 10 10 10 10 
10 10 10 10 10 10 
10 10 10 10 10 10 
10 10 10 10 10 10 
10 10 10 10 10 10 
10 10 10 10 10 10 
10 10 10 10 10 10 
10 10 10 10 10 10 
10 10 10 10 10 10 
10 10 10 10 10 10 
10 10 10 10 10 10 
10 10 10 10 10 10 
10 10 10 10 10 10 
10 10 10 10 10 10 
10 10 10 10 10 10 
10 10 10 10 10 10 
10 10 10 10 10 10 
10 10 10 10 10 10 
10 10 10 10 10 10 
10 10 10 10 10 10 
10 10 10 10 10 10 
10 10 10 10 10 10 
10 10 10 10 10 10 
10 10 10 10 10 10 
10 10 10 10 10 10 
10 10 10 10 10 10 
10 10 10 10 10 10 
10 10 10 10 10 10 
10 10 10 10 10 10 
10 10 10 10 10 10 
10 10 10 10 10 10 
10 10 10 10 10 10 
10 10 10 10 10 10 
10 10 10 10 10 10 
10 10 10 10 10 10 
10 10 10 10 10 10 
10 10 10 10 10 10 
10 10 10 10 10 10 
10 10 10 10 10 10 
10 10 10 10 10 10 
10 10 10 10 10 10 
10 10 10 10 10 10 
10 10 10 10 10 10 
10 10 10 10 10 10 
10 10 10 10 10 10 
10 10 10 10 10 10 
10 10 10 10 10 10 
10 10 10 10 10 10 
10 10 10 10 10 10 
10 10 10 10 10 10 
10 10 10 10 10 10 
10 10 10 10 10 10 
10 10 10 10 10 10 
10 10 10 10 10 10 
10 10 10 10 10 10 
10 10 10 10 10 10 
10 10 10 10 10 10 
10 10 10 10 10 10 
10 10 10 10 10 10 
10 10 10 10 10 10 
10 10 10 10 10 10 
10 10 10 10 10 10 
10 10 10 10 10 10 
10 10 10 10 10 10 
10 10 10 10 10 10 
10 10 10 10 10 10 
10 10 10 10 10 10 
10 10 10 10 10 10 
10 10 10 10 10 10 
10 10 10 10 10 10 
10 10 10 10 10 10 
10 10 10 10 10 10 
10 10 10 10 10 10 
10 10 10 10 10 10 
10 10 10 10 10 10 
10 10 10 10 10 10 
10 10 10 10 10 10 
10 10 10 10 10 10 
10 10 10 10 10 10 
10 10 10 10 10 10 
10 10 10 10 10 10 
10 10 10 10 10 10 
10 10 10 10 10 10 
10 10 10 10 10 10 
10 10 10 10 10 10 
10 10 10 10 10 10 
10 10 10 10 10 10 
10 10 10 10 10 10 
10 10 10 10 10 10 
10 10 10 10 10 10 
10 10 10 10 10 10 
10 10 10 10 10 10 
10 10 10 10 10 10 
10 10 10 10 10 10 
10 10 10 10 10 10 
10 10 10 10 10 10 
10 10 10 10 10 10 
10 10 10 10 10 10 
10 10 10 10 10 10 
10 10 10 10 10 10 
10 10 10 10 10 10 
10 10 10 10 10 10 
10 10 10 10 10 10 
10 10 10 10 10 10 
10 10 10 10 10 10 
10 10 10 10 10 10 
10 10 10 10 10 10 
10 10 10 10 10 10 
10 10 10 10 10 10 
10 10 10 10 10 10 
10 10 10 10 10 10 
10 10 10 10 10 10 
10 10 10 10 10 10 
10 10 10 10 10 10 
10 10 10 10 10 10 
10 10 10 10 10 10 
10 10 10 10 10 10 
10 10 10 10 10 10 
10 10 10 10 10 10 
10 10 10 10 10 10 
10 10 10 10 10 10 
10 10 10 10 10 10 
10 10 10 10 10 10 
10 10 10 10 10 10 
10 10 10 10 10 10 
10 10 10 10 10 10 
10 10 10 10 10 10 
10 10 10 10 10 10 
10 10 10 10 10 10 
10 10 10 10 10 10 
10 10 10 10 10 10 
10 10 10 10 10 10 
10 10 10 10 10 10 
10 10 10 10 10 10 
10 10 10 10 10 10 
10 10 10 10 10 10 
10 10 10 10 10 10 
10 10 10 10 10 10 
10 10 10 10 10 10 
10 10 10 10 10 10 
10 10 10 10 10 10 
10 10 10 10 10 10 
10 10 10 10 10 10 
10 10 10 10 10 10 
10 10 10 10 10 10 
10 10 10 10 10 10 
10 10 10 10 10 10 
10 10 10 10 10 10 
att
1 1 1 0 0 0 
0 0 1 0 0 0 
0 0 1 0 0 0 
1 1 0 0 0 0 
0 1 1 0 0 0 
1 0 1 0 0 0 
0 0 1 0 0 0 
0 0 0 1 0 1 
0 0 0 0 1 1 
0 0 0 0 1 1 
0 0 0 1 1 1 
0 0 0 1 1 1 
0 0 0 1 1 1 
0 0 0 1 1 0 
0 0 0 0 1 1 
0 0 0 1 0 0 
0 0 0 1 1 0 
0 0 0 1 1 1 
0 0 0 1 1 1 
0 0 0 0 1 1 
