nbServi = 6 ;
nbVehi = 20 ;
nbCust = 70 ;
nbSynch = 30 ;
e
0 134 140 450 181 408 162 69 244 19 121 465 322 197 334 21 166 336 297 286 19 271 132 25 155 358 73 77 59 266 473 398 275 42 168 32 57 441 294 393 67 217 89 272 34 230 262 248 335 124 14 339 381 357 469 69 238 387 286 150 450 86 145 115 266 331 447 355 282 290 29 65 380 346 75 250 386 443 473 260 115 479 383 184 231 286 362 398 110 212 151 180 202 209 376 299 29 414 83 447 124 
l
600 254 260 570 301 528 282 189 364 139 241 585 442 317 454 141 286 456 417 406 139 391 252 145 275 478 193 197 179 386 593 518 395 162 288 152 177 561 414 513 187 337 209 392 154 350 382 368 455 244 134 459 501 477 589 189 358 507 406 270 570 206 265 235 386 451 567 475 402 410 149 185 500 466 195 370 506 563 593 380 235 599 503 304 351 406 482 518 230 332 271 300 322 329 496 419 149 534 203 567 244 
cx
34 10 28 49 59 85 77 81 76 86 11 85 78 57 46 38 22 92 61 53 57 32 70 28 24 39 57 29 7 30 26 75 71 95 50 65 46 30 3 20 99 44 26 98 92 80 9 79 14 27 99 96 93 1 73 93 46 89 48 77 86 23 55 46 49 28 99 88 38 24 47 78 39 1 79 79 55 14 75 20 62 11 95 24 93 68 66 85 8 8 65 22 21 49 70 1 40 0 79 59 0 
cy
34 6 5 7 24 12 37 16 26 31 14 49 40 30 11 45 33 34 27 27 34 30 14 29 21 36 38 9 0 38 35 26 2 20 14 7 46 39 27 4 1 15 43 32 42 40 36 0 25 21 47 22 30 48 43 40 45 16 41 28 31 14 32 8 37 43 0 16 37 49 7 49 21 40 40 3 11 23 12 36 3 11 31 44 3 0 34 33 36 17 48 44 38 5 33 6 11 41 32 41 0 
s
1 1 1 1 1 1 
0 0 1 0 0 0 
0 0 1 0 0 0 
1 0 0 0 0 0 
0 1 0 0 0 0 
1 0 0 0 0 0 
1 0 0 0 0 0 
0 0 0 1 0 0 
0 0 0 0 1 0 
0 1 0 0 0 0 
0 1 0 0 0 0 
0 0 0 1 0 0 
0 0 0 0 1 0 
0 0 0 0 0 1 
0 0 0 0 1 0 
0 0 0 1 0 0 
0 0 0 0 1 0 
1 0 0 0 0 0 
0 0 0 1 0 0 
0 0 0 0 1 0 
0 1 0 0 0 0 
0 1 0 0 0 0 
1 0 0 0 0 0 
0 1 0 0 0 0 
0 0 0 0 0 1 
0 0 0 0 1 0 
0 1 0 0 0 0 
0 0 0 0 0 1 
0 0 0 0 0 1 
0 0 1 0 0 0 
0 0 0 0 0 1 
0 0 1 0 0 0 
0 0 0 0 0 1 
1 0 0 0 0 0 
1 0 0 0 0 0 
0 0 1 0 0 0 
0 0 0 1 0 0 
0 0 0 1 0 0 
1 0 0 0 0 0 
0 0 0 1 0 0 
0 1 0 0 0 0 
0 1 0 0 0 0 
0 0 0 0 0 1 
0 0 1 0 0 0 
0 0 0 0 1 0 
0 0 1 0 0 0 
0 0 0 0 1 0 
0 0 1 0 0 0 
0 0 0 0 0 1 
0 0 0 0 1 0 
0 0 1 0 0 0 
0 0 0 1 0 0 
0 0 0 1 0 0 
0 0 0 1 0 0 
0 1 0 0 0 0 
0 0 0 1 0 0 
0 0 0 0 1 0 
0 0 0 1 0 0 
0 0 0 0 1 0 
1 0 0 0 0 0 
1 0 0 0 0 0 
0 0 1 0 0 0 
0 1 0 0 0 0 
0 1 0 0 0 0 
0 0 1 0 0 0 
0 1 0 0 0 0 
0 0 0 1 0 0 
0 1 0 0 0 0 
1 0 0 0 0 0 
0 0 1 0 0 0 
0 0 0 0 0 1 
0 0 0 1 1 0 
0 0 0 0 1 1 
0 0 0 0 1 1 
0 0 0 1 1 0 
0 0 0 0 1 1 
0 0 0 0 1 1 
0 0 0 1 1 0 
0 0 0 0 1 1 
0 0 0 1 0 1 
0 0 0 1 1 0 
0 0 0 0 1 1 
0 0 0 1 0 1 
0 0 0 0 1 1 
0 0 0 1 1 0 
0 0 0 1 0 1 
1 0 0 0 0 1 
1 0 0 1 0 0 
0 1 0 0 0 1 
0 1 0 1 0 0 
0 1 0 1 0 0 
0 0 1 0 0 1 
0 1 0 0 1 0 
0 1 0 0 1 0 
1 0 0 0 0 1 
1 0 0 0 0 1 
1 0 0 0 0 1 
0 0 1 0 1 0 
0 0 1 0 1 0 
0 0 1 0 0 1 
0 1 0 1 0 0 
delta
36 72 
16 32 
21 42 
55 110 
32 64 
22 44 
32 64 
32 64 
2 4 
35 70 
4 8 
34 68 
17 34 
56 112 
0 0 
24 48 
16 32 
24 48 
19 38 
6 12 
59 118 
43 86 
8 16 
53 106 
44 88 
8 16 
46 92 
11 22 
44 88 
56 112 
10 20 
10 20 
8 16 
43 86 
3 6 
2 4 
39 78 
14 28 
15 30 
11 22 
51 102 
20 40 
11 22 
9 18 
56 112 
39 78 
15 30 
34 68 
2 4 
6 12 
47 94 
52 104 
36 72 
0 0 
33 66 
33 66 
40 80 
40 80 
25 50 
15 30 
7 14 
45 90 
15 30 
24 48 
9 18 
9 18 
42 84 
20 40 
53 106 
20 40 
58 116 
0 0 
0 0 
0 0 
0 0 
0 0 
0 0 
0 0 
0 0 
0 0 
0 0 
0 0 
0 0 
0 0 
0 0 
0 0 
43 86 
36 72 
44 88 
43 86 
34 68 
60 120 
1 2 
24 48 
29 58 
37 74 
18 36 
21 42 
3 6 
46 92 
13 26 
p
0 0 0 0 0 0 
0 0 0 0 0 0 
0 0 0 0 0 0 
0 0 0 0 0 0 
0 0 0 0 0 0 
0 0 0 0 0 0 
0 0 0 0 0 0 
0 0 0 0 0 0 
0 0 0 0 0 0 
0 0 0 0 0 0 
0 0 0 0 0 0 
0 0 0 0 0 0 
0 0 0 0 0 0 
0 0 0 0 0 0 
0 0 0 0 0 0 
0 0 0 0 0 0 
0 0 0 0 0 0 
0 0 0 0 0 0 
0 0 0 0 0 0 
0 0 0 0 0 0 
16 16 16 16 16 16 
16 16 16 16 16 16 
16 16 16 16 16 16 
16 16 16 16 16 16 
16 16 16 16 16 16 
16 16 16 16 16 16 
16 16 16 16 16 16 
16 16 16 16 16 16 
16 16 16 16 16 16 
16 16 16 16 16 16 
16 16 16 16 16 16 
16 16 16 16 16 16 
16 16 16 16 16 16 
16 16 16 16 16 16 
16 16 16 16 16 16 
16 16 16 16 16 16 
16 16 16 16 16 16 
16 16 16 16 16 16 
16 16 16 16 16 16 
16 16 16 16 16 16 
16 16 16 16 16 16 
16 16 16 16 16 16 
16 16 16 16 16 16 
16 16 16 16 16 16 
16 16 16 16 16 16 
16 16 16 16 16 16 
16 16 16 16 16 16 
16 16 16 16 16 16 
16 16 16 16 16 16 
16 16 16 16 16 16 
16 16 16 16 16 16 
16 16 16 16 16 16 
16 16 16 16 16 16 
16 16 16 16 16 16 
16 16 16 16 16 16 
16 16 16 16 16 16 
16 16 16 16 16 16 
16 16 16 16 16 16 
16 16 16 16 16 16 
16 16 16 16 16 16 
16 16 16 16 16 16 
16 16 16 16 16 16 
16 16 16 16 16 16 
16 16 16 16 16 16 
16 16 16 16 16 16 
16 16 16 16 16 16 
16 16 16 16 16 16 
16 16 16 16 16 16 
16 16 16 16 16 16 
16 16 16 16 16 16 
16 16 16 16 16 16 
16 16 16 16 16 16 
16 16 16 16 16 16 
16 16 16 16 16 16 
16 16 16 16 16 16 
16 16 16 16 16 16 
16 16 16 16 16 16 
16 16 16 16 16 16 
16 16 16 16 16 16 
16 16 16 16 16 16 
16 16 16 16 16 16 
16 16 16 16 16 16 
16 16 16 16 16 16 
16 16 16 16 16 16 
16 16 16 16 16 16 
16 16 16 16 16 16 
16 16 16 16 16 16 
16 16 16 16 16 16 
16 16 16 16 16 16 
16 16 16 16 16 16 
16 16 16 16 16 16 
16 16 16 16 16 16 
16 16 16 16 16 16 
16 16 16 16 16 16 
16 16 16 16 16 16 
16 16 16 16 16 16 
16 16 16 16 16 16 
16 16 16 16 16 16 
16 16 16 16 16 16 
16 16 16 16 16 16 
16 16 16 16 16 16 
16 16 16 16 16 16 
16 16 16 16 16 16 
16 16 16 16 16 16 
16 16 16 16 16 16 
16 16 16 16 16 16 
16 16 16 16 16 16 
16 16 16 16 16 16 
16 16 16 16 16 16 
16 16 16 16 16 16 
16 16 16 16 16 16 
16 16 16 16 16 16 
16 16 16 16 16 16 
16 16 16 16 16 16 
16 16 16 16 16 16 
16 16 16 16 16 16 
16 16 16 16 16 16 
16 16 16 16 16 16 
16 16 16 16 16 16 
16 16 16 16 16 16 
16 16 16 16 16 16 
16 16 16 16 16 16 
16 16 16 16 16 16 
16 16 16 16 16 16 
16 16 16 16 16 16 
16 16 16 16 16 16 
16 16 16 16 16 16 
16 16 16 16 16 16 
16 16 16 16 16 16 
16 16 16 16 16 16 
16 16 16 16 16 16 
16 16 16 16 16 16 
16 16 16 16 16 16 
16 16 16 16 16 16 
16 16 16 16 16 16 
16 16 16 16 16 16 
16 16 16 16 16 16 
16 16 16 16 16 16 
16 16 16 16 16 16 
16 16 16 16 16 16 
16 16 16 16 16 16 
16 16 16 16 16 16 
16 16 16 16 16 16 
16 16 16 16 16 16 
16 16 16 16 16 16 
16 16 16 16 16 16 
16 16 16 16 16 16 
16 16 16 16 16 16 
16 16 16 16 16 16 
16 16 16 16 16 16 
16 16 16 16 16 16 
16 16 16 16 16 16 
16 16 16 16 16 16 
16 16 16 16 16 16 
16 16 16 16 16 16 
16 16 16 16 16 16 
16 16 16 16 16 16 
16 16 16 16 16 16 
16 16 16 16 16 16 
16 16 16 16 16 16 
16 16 16 16 16 16 
16 16 16 16 16 16 
16 16 16 16 16 16 
16 16 16 16 16 16 
16 16 16 16 16 16 
16 16 16 16 16 16 
16 16 16 16 16 16 
16 16 16 16 16 16 
16 16 16 16 16 16 
16 16 16 16 16 16 
16 16 16 16 16 16 
16 16 16 16 16 16 
16 16 16 16 16 16 
16 16 16 16 16 16 
16 16 16 16 16 16 
16 16 16 16 16 16 
16 16 16 16 16 16 
16 16 16 16 16 16 
16 16 16 16 16 16 
16 16 16 16 16 16 
16 16 16 16 16 16 
16 16 16 16 16 16 
16 16 16 16 16 16 
16 16 16 16 16 16 
16 16 16 16 16 16 
16 16 16 16 16 16 
16 16 16 16 16 16 
16 16 16 16 16 16 
16 16 16 16 16 16 
16 16 16 16 16 16 
16 16 16 16 16 16 
16 16 16 16 16 16 
16 16 16 16 16 16 
16 16 16 16 16 16 
16 16 16 16 16 16 
16 16 16 16 16 16 
16 16 16 16 16 16 
16 16 16 16 16 16 
16 16 16 16 16 16 
16 16 16 16 16 16 
16 16 16 16 16 16 
16 16 16 16 16 16 
16 16 16 16 16 16 
16 16 16 16 16 16 
16 16 16 16 16 16 
16 16 16 16 16 16 
16 16 16 16 16 16 
16 16 16 16 16 16 
16 16 16 16 16 16 
16 16 16 16 16 16 
16 16 16 16 16 16 
16 16 16 16 16 16 
16 16 16 16 16 16 
16 16 16 16 16 16 
16 16 16 16 16 16 
16 16 16 16 16 16 
16 16 16 16 16 16 
16 16 16 16 16 16 
16 16 16 16 16 16 
16 16 16 16 16 16 
16 16 16 16 16 16 
16 16 16 16 16 16 
16 16 16 16 16 16 
16 16 16 16 16 16 
16 16 16 16 16 16 
16 16 16 16 16 16 
16 16 16 16 16 16 
16 16 16 16 16 16 
16 16 16 16 16 16 
16 16 16 16 16 16 
16 16 16 16 16 16 
16 16 16 16 16 16 
16 16 16 16 16 16 
16 16 16 16 16 16 
16 16 16 16 16 16 
16 16 16 16 16 16 
16 16 16 16 16 16 
16 16 16 16 16 16 
16 16 16 16 16 16 
16 16 16 16 16 16 
16 16 16 16 16 16 
16 16 16 16 16 16 
16 16 16 16 16 16 
16 16 16 16 16 16 
16 16 16 16 16 16 
16 16 16 16 16 16 
16 16 16 16 16 16 
16 16 16 16 16 16 
16 16 16 16 16 16 
16 16 16 16 16 16 
16 16 16 16 16 16 
16 16 16 16 16 16 
16 16 16 16 16 16 
16 16 16 16 16 16 
16 16 16 16 16 16 
16 16 16 16 16 16 
16 16 16 16 16 16 
16 16 16 16 16 16 
16 16 16 16 16 16 
16 16 16 16 16 16 
16 16 16 16 16 16 
16 16 16 16 16 16 
16 16 16 16 16 16 
16 16 16 16 16 16 
16 16 16 16 16 16 
16 16 16 16 16 16 
16 16 16 16 16 16 
16 16 16 16 16 16 
16 16 16 16 16 16 
16 16 16 16 16 16 
16 16 16 16 16 16 
16 16 16 16 16 16 
16 16 16 16 16 16 
16 16 16 16 16 16 
16 16 16 16 16 16 
16 16 16 16 16 16 
16 16 16 16 16 16 
16 16 16 16 16 16 
16 16 16 16 16 16 
16 16 16 16 16 16 
16 16 16 16 16 16 
16 16 16 16 16 16 
16 16 16 16 16 16 
16 16 16 16 16 16 
16 16 16 16 16 16 
16 16 16 16 16 16 
16 16 16 16 16 16 
16 16 16 16 16 16 
16 16 16 16 16 16 
16 16 16 16 16 16 
16 16 16 16 16 16 
16 16 16 16 16 16 
16 16 16 16 16 16 
16 16 16 16 16 16 
16 16 16 16 16 16 
16 16 16 16 16 16 
16 16 16 16 16 16 
16 16 16 16 16 16 
16 16 16 16 16 16 
16 16 16 16 16 16 
16 16 16 16 16 16 
16 16 16 16 16 16 
16 16 16 16 16 16 
16 16 16 16 16 16 
16 16 16 16 16 16 
16 16 16 16 16 16 
16 16 16 16 16 16 
16 16 16 16 16 16 
16 16 16 16 16 16 
16 16 16 16 16 16 
16 16 16 16 16 16 
16 16 16 16 16 16 
16 16 16 16 16 16 
16 16 16 16 16 16 
16 16 16 16 16 16 
16 16 16 16 16 16 
16 16 16 16 16 16 
16 16 16 16 16 16 
16 16 16 16 16 16 
16 16 16 16 16 16 
16 16 16 16 16 16 
16 16 16 16 16 16 
16 16 16 16 16 16 
16 16 16 16 16 16 
16 16 16 16 16 16 
16 16 16 16 16 16 
16 16 16 16 16 16 
16 16 16 16 16 16 
16 16 16 16 16 16 
16 16 16 16 16 16 
16 16 16 16 16 16 
16 16 16 16 16 16 
16 16 16 16 16 16 
16 16 16 16 16 16 
16 16 16 16 16 16 
16 16 16 16 16 16 
16 16 16 16 16 16 
16 16 16 16 16 16 
16 16 16 16 16 16 
16 16 16 16 16 16 
16 16 16 16 16 16 
16 16 16 16 16 16 
16 16 16 16 16 16 
16 16 16 16 16 16 
16 16 16 16 16 16 
16 16 16 16 16 16 
16 16 16 16 16 16 
16 16 16 16 16 16 
16 16 16 16 16 16 
16 16 16 16 16 16 
16 16 16 16 16 16 
16 16 16 16 16 16 
16 16 16 16 16 16 
16 16 16 16 16 16 
16 16 16 16 16 16 
16 16 16 16 16 16 
16 16 16 16 16 16 
16 16 16 16 16 16 
16 16 16 16 16 16 
16 16 16 16 16 16 
16 16 16 16 16 16 
16 16 16 16 16 16 
16 16 16 16 16 16 
16 16 16 16 16 16 
16 16 16 16 16 16 
16 16 16 16 16 16 
16 16 16 16 16 16 
16 16 16 16 16 16 
16 16 16 16 16 16 
16 16 16 16 16 16 
16 16 16 16 16 16 
16 16 16 16 16 16 
16 16 16 16 16 16 
16 16 16 16 16 16 
16 16 16 16 16 16 
16 16 16 16 16 16 
16 16 16 16 16 16 
16 16 16 16 16 16 
16 16 16 16 16 16 
16 16 16 16 16 16 
16 16 16 16 16 16 
16 16 16 16 16 16 
16 16 16 16 16 16 
16 16 16 16 16 16 
16 16 16 16 16 16 
16 16 16 16 16 16 
16 16 16 16 16 16 
16 16 16 16 16 16 
16 16 16 16 16 16 
16 16 16 16 16 16 
16 16 16 16 16 16 
16 16 16 16 16 16 
16 16 16 16 16 16 
16 16 16 16 16 16 
16 16 16 16 16 16 
16 16 16 16 16 16 
16 16 16 16 16 16 
16 16 16 16 16 16 
16 16 16 16 16 16 
16 16 16 16 16 16 
16 16 16 16 16 16 
16 16 16 16 16 16 
16 16 16 16 16 16 
16 16 16 16 16 16 
16 16 16 16 16 16 
16 16 16 16 16 16 
16 16 16 16 16 16 
16 16 16 16 16 16 
16 16 16 16 16 16 
16 16 16 16 16 16 
16 16 16 16 16 16 
16 16 16 16 16 16 
16 16 16 16 16 16 
16 16 16 16 16 16 
16 16 16 16 16 16 
16 16 16 16 16 16 
16 16 16 16 16 16 
16 16 16 16 16 16 
16 16 16 16 16 16 
16 16 16 16 16 16 
16 16 16 16 16 16 
16 16 16 16 16 16 
16 16 16 16 16 16 
16 16 16 16 16 16 
16 16 16 16 16 16 
16 16 16 16 16 16 
16 16 16 16 16 16 
16 16 16 16 16 16 
16 16 16 16 16 16 
16 16 16 16 16 16 
16 16 16 16 16 16 
16 16 16 16 16 16 
16 16 16 16 16 16 
16 16 16 16 16 16 
16 16 16 16 16 16 
16 16 16 16 16 16 
16 16 16 16 16 16 
16 16 16 16 16 16 
16 16 16 16 16 16 
16 16 16 16 16 16 
16 16 16 16 16 16 
16 16 16 16 16 16 
16 16 16 16 16 16 
16 16 16 16 16 16 
16 16 16 16 16 16 
16 16 16 16 16 16 
16 16 16 16 16 16 
16 16 16 16 16 16 
16 16 16 16 16 16 
16 16 16 16 16 16 
16 16 16 16 16 16 
16 16 16 16 16 16 
16 16 16 16 16 16 
16 16 16 16 16 16 
16 16 16 16 16 16 
16 16 16 16 16 16 
16 16 16 16 16 16 
16 16 16 16 16 16 
16 16 16 16 16 16 
16 16 16 16 16 16 
16 16 16 16 16 16 
16 16 16 16 16 16 
16 16 16 16 16 16 
16 16 16 16 16 16 
16 16 16 16 16 16 
16 16 16 16 16 16 
16 16 16 16 16 16 
16 16 16 16 16 16 
16 16 16 16 16 16 
16 16 16 16 16 16 
16 16 16 16 16 16 
16 16 16 16 16 16 
16 16 16 16 16 16 
16 16 16 16 16 16 
16 16 16 16 16 16 
16 16 16 16 16 16 
16 16 16 16 16 16 
16 16 16 16 16 16 
16 16 16 16 16 16 
16 16 16 16 16 16 
16 16 16 16 16 16 
16 16 16 16 16 16 
16 16 16 16 16 16 
16 16 16 16 16 16 
16 16 16 16 16 16 
16 16 16 16 16 16 
16 16 16 16 16 16 
16 16 16 16 16 16 
16 16 16 16 16 16 
16 16 16 16 16 16 
16 16 16 16 16 16 
16 16 16 16 16 16 
16 16 16 16 16 16 
16 16 16 16 16 16 
16 16 16 16 16 16 
16 16 16 16 16 16 
16 16 16 16 16 16 
16 16 16 16 16 16 
16 16 16 16 16 16 
16 16 16 16 16 16 
16 16 16 16 16 16 
16 16 16 16 16 16 
16 16 16 16 16 16 
16 16 16 16 16 16 
16 16 16 16 16 16 
16 16 16 16 16 16 
16 16 16 16 16 16 
16 16 16 16 16 16 
16 16 16 16 16 16 
16 16 16 16 16 16 
16 16 16 16 16 16 
16 16 16 16 16 16 
16 16 16 16 16 16 
16 16 16 16 16 16 
16 16 16 16 16 16 
16 16 16 16 16 16 
16 16 16 16 16 16 
16 16 16 16 16 16 
16 16 16 16 16 16 
16 16 16 16 16 16 
16 16 16 16 16 16 
16 16 16 16 16 16 
16 16 16 16 16 16 
16 16 16 16 16 16 
16 16 16 16 16 16 
16 16 16 16 16 16 
16 16 16 16 16 16 
16 16 16 16 16 16 
16 16 16 16 16 16 
16 16 16 16 16 16 
16 16 16 16 16 16 
16 16 16 16 16 16 
16 16 16 16 16 16 
16 16 16 16 16 16 
16 16 16 16 16 16 
16 16 16 16 16 16 
16 16 16 16 16 16 
16 16 16 16 16 16 
16 16 16 16 16 16 
16 16 16 16 16 16 
16 16 16 16 16 16 
16 16 16 16 16 16 
16 16 16 16 16 16 
16 16 16 16 16 16 
16 16 16 16 16 16 
16 16 16 16 16 16 
16 16 16 16 16 16 
16 16 16 16 16 16 
16 16 16 16 16 16 
16 16 16 16 16 16 
16 16 16 16 16 16 
16 16 16 16 16 16 
16 16 16 16 16 16 
16 16 16 16 16 16 
16 16 16 16 16 16 
16 16 16 16 16 16 
16 16 16 16 16 16 
16 16 16 16 16 16 
16 16 16 16 16 16 
16 16 16 16 16 16 
16 16 16 16 16 16 
16 16 16 16 16 16 
16 16 16 16 16 16 
16 16 16 16 16 16 
16 16 16 16 16 16 
16 16 16 16 16 16 
16 16 16 16 16 16 
16 16 16 16 16 16 
16 16 16 16 16 16 
16 16 16 16 16 16 
16 16 16 16 16 16 
16 16 16 16 16 16 
16 16 16 16 16 16 
16 16 16 16 16 16 
16 16 16 16 16 16 
16 16 16 16 16 16 
16 16 16 16 16 16 
16 16 16 16 16 16 
16 16 16 16 16 16 
16 16 16 16 16 16 
16 16 16 16 16 16 
16 16 16 16 16 16 
16 16 16 16 16 16 
16 16 16 16 16 16 
16 16 16 16 16 16 
16 16 16 16 16 16 
16 16 16 16 16 16 
16 16 16 16 16 16 
16 16 16 16 16 16 
16 16 16 16 16 16 
16 16 16 16 16 16 
16 16 16 16 16 16 
16 16 16 16 16 16 
16 16 16 16 16 16 
16 16 16 16 16 16 
16 16 16 16 16 16 
16 16 16 16 16 16 
16 16 16 16 16 16 
16 16 16 16 16 16 
16 16 16 16 16 16 
16 16 16 16 16 16 
16 16 16 16 16 16 
16 16 16 16 16 16 
16 16 16 16 16 16 
16 16 16 16 16 16 
16 16 16 16 16 16 
16 16 16 16 16 16 
16 16 16 16 16 16 
16 16 16 16 16 16 
16 16 16 16 16 16 
16 16 16 16 16 16 
16 16 16 16 16 16 
16 16 16 16 16 16 
16 16 16 16 16 16 
16 16 16 16 16 16 
16 16 16 16 16 16 
16 16 16 16 16 16 
16 16 16 16 16 16 
16 16 16 16 16 16 
16 16 16 16 16 16 
16 16 16 16 16 16 
16 16 16 16 16 16 
16 16 16 16 16 16 
16 16 16 16 16 16 
16 16 16 16 16 16 
16 16 16 16 16 16 
16 16 16 16 16 16 
16 16 16 16 16 16 
16 16 16 16 16 16 
16 16 16 16 16 16 
16 16 16 16 16 16 
16 16 16 16 16 16 
16 16 16 16 16 16 
16 16 16 16 16 16 
16 16 16 16 16 16 
16 16 16 16 16 16 
16 16 16 16 16 16 
16 16 16 16 16 16 
16 16 16 16 16 16 
16 16 16 16 16 16 
16 16 16 16 16 16 
16 16 16 16 16 16 
16 16 16 16 16 16 
16 16 16 16 16 16 
16 16 16 16 16 16 
16 16 16 16 16 16 
16 16 16 16 16 16 
16 16 16 16 16 16 
16 16 16 16 16 16 
16 16 16 16 16 16 
16 16 16 16 16 16 
16 16 16 16 16 16 
16 16 16 16 16 16 
16 16 16 16 16 16 
16 16 16 16 16 16 
16 16 16 16 16 16 
16 16 16 16 16 16 
16 16 16 16 16 16 
16 16 16 16 16 16 
16 16 16 16 16 16 
16 16 16 16 16 16 
16 16 16 16 16 16 
16 16 16 16 16 16 
16 16 16 16 16 16 
16 16 16 16 16 16 
16 16 16 16 16 16 
16 16 16 16 16 16 
16 16 16 16 16 16 
16 16 16 16 16 16 
16 16 16 16 16 16 
16 16 16 16 16 16 
16 16 16 16 16 16 
16 16 16 16 16 16 
16 16 16 16 16 16 
16 16 16 16 16 16 
16 16 16 16 16 16 
16 16 16 16 16 16 
16 16 16 16 16 16 
16 16 16 16 16 16 
16 16 16 16 16 16 
16 16 16 16 16 16 
16 16 16 16 16 16 
16 16 16 16 16 16 
16 16 16 16 16 16 
16 16 16 16 16 16 
16 16 16 16 16 16 
16 16 16 16 16 16 
16 16 16 16 16 16 
16 16 16 16 16 16 
16 16 16 16 16 16 
16 16 16 16 16 16 
16 16 16 16 16 16 
16 16 16 16 16 16 
16 16 16 16 16 16 
16 16 16 16 16 16 
16 16 16 16 16 16 
16 16 16 16 16 16 
16 16 16 16 16 16 
16 16 16 16 16 16 
16 16 16 16 16 16 
16 16 16 16 16 16 
16 16 16 16 16 16 
16 16 16 16 16 16 
16 16 16 16 16 16 
16 16 16 16 16 16 
16 16 16 16 16 16 
16 16 16 16 16 16 
16 16 16 16 16 16 
16 16 16 16 16 16 
16 16 16 16 16 16 
16 16 16 16 16 16 
16 16 16 16 16 16 
16 16 16 16 16 16 
16 16 16 16 16 16 
16 16 16 16 16 16 
16 16 16 16 16 16 
16 16 16 16 16 16 
16 16 16 16 16 16 
16 16 16 16 16 16 
16 16 16 16 16 16 
16 16 16 16 16 16 
16 16 16 16 16 16 
16 16 16 16 16 16 
16 16 16 16 16 16 
16 16 16 16 16 16 
16 16 16 16 16 16 
16 16 16 16 16 16 
16 16 16 16 16 16 
16 16 16 16 16 16 
16 16 16 16 16 16 
16 16 16 16 16 16 
16 16 16 16 16 16 
16 16 16 16 16 16 
16 16 16 16 16 16 
16 16 16 16 16 16 
16 16 16 16 16 16 
16 16 16 16 16 16 
16 16 16 16 16 16 
16 16 16 16 16 16 
16 16 16 16 16 16 
16 16 16 16 16 16 
16 16 16 16 16 16 
16 16 16 16 16 16 
16 16 16 16 16 16 
16 16 16 16 16 16 
16 16 16 16 16 16 
16 16 16 16 16 16 
16 16 16 16 16 16 
16 16 16 16 16 16 
16 16 16 16 16 16 
16 16 16 16 16 16 
16 16 16 16 16 16 
16 16 16 16 16 16 
16 16 16 16 16 16 
16 16 16 16 16 16 
16 16 16 16 16 16 
16 16 16 16 16 16 
16 16 16 16 16 16 
16 16 16 16 16 16 
16 16 16 16 16 16 
16 16 16 16 16 16 
16 16 16 16 16 16 
16 16 16 16 16 16 
16 16 16 16 16 16 
16 16 16 16 16 16 
16 16 16 16 16 16 
16 16 16 16 16 16 
16 16 16 16 16 16 
16 16 16 16 16 16 
16 16 16 16 16 16 
16 16 16 16 16 16 
16 16 16 16 16 16 
16 16 16 16 16 16 
16 16 16 16 16 16 
16 16 16 16 16 16 
16 16 16 16 16 16 
16 16 16 16 16 16 
16 16 16 16 16 16 
16 16 16 16 16 16 
16 16 16 16 16 16 
16 16 16 16 16 16 
16 16 16 16 16 16 
16 16 16 16 16 16 
16 16 16 16 16 16 
16 16 16 16 16 16 
16 16 16 16 16 16 
16 16 16 16 16 16 
16 16 16 16 16 16 
16 16 16 16 16 16 
16 16 16 16 16 16 
16 16 16 16 16 16 
16 16 16 16 16 16 
16 16 16 16 16 16 
16 16 16 16 16 16 
16 16 16 16 16 16 
16 16 16 16 16 16 
16 16 16 16 16 16 
16 16 16 16 16 16 
16 16 16 16 16 16 
16 16 16 16 16 16 
16 16 16 16 16 16 
16 16 16 16 16 16 
16 16 16 16 16 16 
16 16 16 16 16 16 
16 16 16 16 16 16 
16 16 16 16 16 16 
16 16 16 16 16 16 
16 16 16 16 16 16 
16 16 16 16 16 16 
16 16 16 16 16 16 
16 16 16 16 16 16 
16 16 16 16 16 16 
16 16 16 16 16 16 
16 16 16 16 16 16 
16 16 16 16 16 16 
16 16 16 16 16 16 
16 16 16 16 16 16 
16 16 16 16 16 16 
16 16 16 16 16 16 
16 16 16 16 16 16 
16 16 16 16 16 16 
16 16 16 16 16 16 
16 16 16 16 16 16 
16 16 16 16 16 16 
16 16 16 16 16 16 
16 16 16 16 16 16 
16 16 16 16 16 16 
16 16 16 16 16 16 
16 16 16 16 16 16 
16 16 16 16 16 16 
16 16 16 16 16 16 
16 16 16 16 16 16 
16 16 16 16 16 16 
16 16 16 16 16 16 
16 16 16 16 16 16 
16 16 16 16 16 16 
16 16 16 16 16 16 
16 16 16 16 16 16 
16 16 16 16 16 16 
16 16 16 16 16 16 
16 16 16 16 16 16 
16 16 16 16 16 16 
16 16 16 16 16 16 
16 16 16 16 16 16 
16 16 16 16 16 16 
16 16 16 16 16 16 
16 16 16 16 16 16 
16 16 16 16 16 16 
16 16 16 16 16 16 
16 16 16 16 16 16 
16 16 16 16 16 16 
16 16 16 16 16 16 
16 16 16 16 16 16 
16 16 16 16 16 16 
16 16 16 16 16 16 
16 16 16 16 16 16 
16 16 16 16 16 16 
16 16 16 16 16 16 
16 16 16 16 16 16 
16 16 16 16 16 16 
16 16 16 16 16 16 
16 16 16 16 16 16 
16 16 16 16 16 16 
16 16 16 16 16 16 
16 16 16 16 16 16 
16 16 16 16 16 16 
16 16 16 16 16 16 
16 16 16 16 16 16 
16 16 16 16 16 16 
16 16 16 16 16 16 
16 16 16 16 16 16 
16 16 16 16 16 16 
16 16 16 16 16 16 
16 16 16 16 16 16 
16 16 16 16 16 16 
16 16 16 16 16 16 
16 16 16 16 16 16 
16 16 16 16 16 16 
16 16 16 16 16 16 
16 16 16 16 16 16 
16 16 16 16 16 16 
16 16 16 16 16 16 
16 16 16 16 16 16 
16 16 16 16 16 16 
16 16 16 16 16 16 
16 16 16 16 16 16 
16 16 16 16 16 16 
16 16 16 16 16 16 
16 16 16 16 16 16 
16 16 16 16 16 16 
16 16 16 16 16 16 
16 16 16 16 16 16 
16 16 16 16 16 16 
16 16 16 16 16 16 
16 16 16 16 16 16 
16 16 16 16 16 16 
16 16 16 16 16 16 
16 16 16 16 16 16 
16 16 16 16 16 16 
16 16 16 16 16 16 
16 16 16 16 16 16 
16 16 16 16 16 16 
16 16 16 16 16 16 
16 16 16 16 16 16 
16 16 16 16 16 16 
16 16 16 16 16 16 
16 16 16 16 16 16 
16 16 16 16 16 16 
16 16 16 16 16 16 
16 16 16 16 16 16 
16 16 16 16 16 16 
16 16 16 16 16 16 
16 16 16 16 16 16 
16 16 16 16 16 16 
16 16 16 16 16 16 
16 16 16 16 16 16 
16 16 16 16 16 16 
16 16 16 16 16 16 
16 16 16 16 16 16 
16 16 16 16 16 16 
16 16 16 16 16 16 
16 16 16 16 16 16 
16 16 16 16 16 16 
16 16 16 16 16 16 
16 16 16 16 16 16 
16 16 16 16 16 16 
16 16 16 16 16 16 
16 16 16 16 16 16 
16 16 16 16 16 16 
16 16 16 16 16 16 
16 16 16 16 16 16 
16 16 16 16 16 16 
16 16 16 16 16 16 
16 16 16 16 16 16 
16 16 16 16 16 16 
16 16 16 16 16 16 
16 16 16 16 16 16 
16 16 16 16 16 16 
16 16 16 16 16 16 
16 16 16 16 16 16 
16 16 16 16 16 16 
16 16 16 16 16 16 
16 16 16 16 16 16 
16 16 16 16 16 16 
16 16 16 16 16 16 
16 16 16 16 16 16 
16 16 16 16 16 16 
16 16 16 16 16 16 
16 16 16 16 16 16 
16 16 16 16 16 16 
16 16 16 16 16 16 
16 16 16 16 16 16 
16 16 16 16 16 16 
16 16 16 16 16 16 
16 16 16 16 16 16 
16 16 16 16 16 16 
16 16 16 16 16 16 
16 16 16 16 16 16 
16 16 16 16 16 16 
16 16 16 16 16 16 
16 16 16 16 16 16 
16 16 16 16 16 16 
16 16 16 16 16 16 
16 16 16 16 16 16 
16 16 16 16 16 16 
16 16 16 16 16 16 
16 16 16 16 16 16 
16 16 16 16 16 16 
16 16 16 16 16 16 
16 16 16 16 16 16 
16 16 16 16 16 16 
16 16 16 16 16 16 
16 16 16 16 16 16 
16 16 16 16 16 16 
16 16 16 16 16 16 
16 16 16 16 16 16 
16 16 16 16 16 16 
16 16 16 16 16 16 
16 16 16 16 16 16 
16 16 16 16 16 16 
16 16 16 16 16 16 
16 16 16 16 16 16 
16 16 16 16 16 16 
16 16 16 16 16 16 
16 16 16 16 16 16 
16 16 16 16 16 16 
16 16 16 16 16 16 
16 16 16 16 16 16 
16 16 16 16 16 16 
16 16 16 16 16 16 
16 16 16 16 16 16 
16 16 16 16 16 16 
16 16 16 16 16 16 
16 16 16 16 16 16 
16 16 16 16 16 16 
16 16 16 16 16 16 
16 16 16 16 16 16 
16 16 16 16 16 16 
16 16 16 16 16 16 
16 16 16 16 16 16 
16 16 16 16 16 16 
16 16 16 16 16 16 
16 16 16 16 16 16 
16 16 16 16 16 16 
16 16 16 16 16 16 
16 16 16 16 16 16 
16 16 16 16 16 16 
16 16 16 16 16 16 
16 16 16 16 16 16 
16 16 16 16 16 16 
16 16 16 16 16 16 
16 16 16 16 16 16 
16 16 16 16 16 16 
16 16 16 16 16 16 
16 16 16 16 16 16 
16 16 16 16 16 16 
16 16 16 16 16 16 
16 16 16 16 16 16 
16 16 16 16 16 16 
16 16 16 16 16 16 
16 16 16 16 16 16 
16 16 16 16 16 16 
16 16 16 16 16 16 
16 16 16 16 16 16 
16 16 16 16 16 16 
16 16 16 16 16 16 
16 16 16 16 16 16 
16 16 16 16 16 16 
16 16 16 16 16 16 
16 16 16 16 16 16 
16 16 16 16 16 16 
16 16 16 16 16 16 
16 16 16 16 16 16 
16 16 16 16 16 16 
16 16 16 16 16 16 
16 16 16 16 16 16 
16 16 16 16 16 16 
16 16 16 16 16 16 
16 16 16 16 16 16 
16 16 16 16 16 16 
16 16 16 16 16 16 
16 16 16 16 16 16 
16 16 16 16 16 16 
16 16 16 16 16 16 
16 16 16 16 16 16 
16 16 16 16 16 16 
16 16 16 16 16 16 
16 16 16 16 16 16 
16 16 16 16 16 16 
16 16 16 16 16 16 
16 16 16 16 16 16 
16 16 16 16 16 16 
16 16 16 16 16 16 
16 16 16 16 16 16 
16 16 16 16 16 16 
16 16 16 16 16 16 
16 16 16 16 16 16 
16 16 16 16 16 16 
16 16 16 16 16 16 
16 16 16 16 16 16 
16 16 16 16 16 16 
16 16 16 16 16 16 
16 16 16 16 16 16 
16 16 16 16 16 16 
16 16 16 16 16 16 
16 16 16 16 16 16 
16 16 16 16 16 16 
16 16 16 16 16 16 
16 16 16 16 16 16 
16 16 16 16 16 16 
16 16 16 16 16 16 
16 16 16 16 16 16 
16 16 16 16 16 16 
16 16 16 16 16 16 
16 16 16 16 16 16 
16 16 16 16 16 16 
16 16 16 16 16 16 
16 16 16 16 16 16 
16 16 16 16 16 16 
16 16 16 16 16 16 
16 16 16 16 16 16 
16 16 16 16 16 16 
16 16 16 16 16 16 
16 16 16 16 16 16 
16 16 16 16 16 16 
16 16 16 16 16 16 
16 16 16 16 16 16 
16 16 16 16 16 16 
16 16 16 16 16 16 
16 16 16 16 16 16 
16 16 16 16 16 16 
16 16 16 16 16 16 
16 16 16 16 16 16 
16 16 16 16 16 16 
16 16 16 16 16 16 
16 16 16 16 16 16 
16 16 16 16 16 16 
16 16 16 16 16 16 
16 16 16 16 16 16 
16 16 16 16 16 16 
16 16 16 16 16 16 
16 16 16 16 16 16 
16 16 16 16 16 16 
16 16 16 16 16 16 
16 16 16 16 16 16 
16 16 16 16 16 16 
16 16 16 16 16 16 
16 16 16 16 16 16 
16 16 16 16 16 16 
16 16 16 16 16 16 
16 16 16 16 16 16 
16 16 16 16 16 16 
16 16 16 16 16 16 
16 16 16 16 16 16 
16 16 16 16 16 16 
16 16 16 16 16 16 
16 16 16 16 16 16 
16 16 16 16 16 16 
16 16 16 16 16 16 
16 16 16 16 16 16 
16 16 16 16 16 16 
16 16 16 16 16 16 
16 16 16 16 16 16 
16 16 16 16 16 16 
16 16 16 16 16 16 
16 16 16 16 16 16 
16 16 16 16 16 16 
16 16 16 16 16 16 
16 16 16 16 16 16 
16 16 16 16 16 16 
16 16 16 16 16 16 
16 16 16 16 16 16 
16 16 16 16 16 16 
16 16 16 16 16 16 
16 16 16 16 16 16 
16 16 16 16 16 16 
16 16 16 16 16 16 
16 16 16 16 16 16 
16 16 16 16 16 16 
16 16 16 16 16 16 
16 16 16 16 16 16 
16 16 16 16 16 16 
16 16 16 16 16 16 
16 16 16 16 16 16 
16 16 16 16 16 16 
16 16 16 16 16 16 
16 16 16 16 16 16 
16 16 16 16 16 16 
16 16 16 16 16 16 
16 16 16 16 16 16 
16 16 16 16 16 16 
16 16 16 16 16 16 
16 16 16 16 16 16 
16 16 16 16 16 16 
16 16 16 16 16 16 
16 16 16 16 16 16 
16 16 16 16 16 16 
16 16 16 16 16 16 
16 16 16 16 16 16 
16 16 16 16 16 16 
16 16 16 16 16 16 
16 16 16 16 16 16 
16 16 16 16 16 16 
16 16 16 16 16 16 
16 16 16 16 16 16 
16 16 16 16 16 16 
16 16 16 16 16 16 
16 16 16 16 16 16 
16 16 16 16 16 16 
16 16 16 16 16 16 
16 16 16 16 16 16 
16 16 16 16 16 16 
16 16 16 16 16 16 
16 16 16 16 16 16 
16 16 16 16 16 16 
16 16 16 16 16 16 
16 16 16 16 16 16 
16 16 16 16 16 16 
16 16 16 16 16 16 
16 16 16 16 16 16 
16 16 16 16 16 16 
16 16 16 16 16 16 
16 16 16 16 16 16 
16 16 16 16 16 16 
16 16 16 16 16 16 
16 16 16 16 16 16 
16 16 16 16 16 16 
16 16 16 16 16 16 
16 16 16 16 16 16 
16 16 16 16 16 16 
16 16 16 16 16 16 
16 16 16 16 16 16 
16 16 16 16 16 16 
16 16 16 16 16 16 
16 16 16 16 16 16 
16 16 16 16 16 16 
16 16 16 16 16 16 
16 16 16 16 16 16 
16 16 16 16 16 16 
16 16 16 16 16 16 
16 16 16 16 16 16 
16 16 16 16 16 16 
16 16 16 16 16 16 
16 16 16 16 16 16 
16 16 16 16 16 16 
16 16 16 16 16 16 
16 16 16 16 16 16 
16 16 16 16 16 16 
16 16 16 16 16 16 
16 16 16 16 16 16 
16 16 16 16 16 16 
16 16 16 16 16 16 
16 16 16 16 16 16 
16 16 16 16 16 16 
16 16 16 16 16 16 
16 16 16 16 16 16 
16 16 16 16 16 16 
16 16 16 16 16 16 
16 16 16 16 16 16 
16 16 16 16 16 16 
16 16 16 16 16 16 
16 16 16 16 16 16 
16 16 16 16 16 16 
16 16 16 16 16 16 
16 16 16 16 16 16 
16 16 16 16 16 16 
16 16 16 16 16 16 
16 16 16 16 16 16 
16 16 16 16 16 16 
16 16 16 16 16 16 
16 16 16 16 16 16 
16 16 16 16 16 16 
16 16 16 16 16 16 
16 16 16 16 16 16 
16 16 16 16 16 16 
16 16 16 16 16 16 
16 16 16 16 16 16 
16 16 16 16 16 16 
16 16 16 16 16 16 
16 16 16 16 16 16 
16 16 16 16 16 16 
16 16 16 16 16 16 
16 16 16 16 16 16 
16 16 16 16 16 16 
16 16 16 16 16 16 
16 16 16 16 16 16 
16 16 16 16 16 16 
16 16 16 16 16 16 
16 16 16 16 16 16 
16 16 16 16 16 16 
16 16 16 16 16 16 
16 16 16 16 16 16 
16 16 16 16 16 16 
16 16 16 16 16 16 
16 16 16 16 16 16 
16 16 16 16 16 16 
16 16 16 16 16 16 
16 16 16 16 16 16 
16 16 16 16 16 16 
16 16 16 16 16 16 
16 16 16 16 16 16 
16 16 16 16 16 16 
16 16 16 16 16 16 
16 16 16 16 16 16 
16 16 16 16 16 16 
16 16 16 16 16 16 
16 16 16 16 16 16 
16 16 16 16 16 16 
16 16 16 16 16 16 
16 16 16 16 16 16 
16 16 16 16 16 16 
16 16 16 16 16 16 
16 16 16 16 16 16 
16 16 16 16 16 16 
16 16 16 16 16 16 
16 16 16 16 16 16 
16 16 16 16 16 16 
16 16 16 16 16 16 
16 16 16 16 16 16 
16 16 16 16 16 16 
16 16 16 16 16 16 
16 16 16 16 16 16 
16 16 16 16 16 16 
16 16 16 16 16 16 
16 16 16 16 16 16 
16 16 16 16 16 16 
16 16 16 16 16 16 
16 16 16 16 16 16 
16 16 16 16 16 16 
16 16 16 16 16 16 
16 16 16 16 16 16 
16 16 16 16 16 16 
16 16 16 16 16 16 
16 16 16 16 16 16 
16 16 16 16 16 16 
16 16 16 16 16 16 
16 16 16 16 16 16 
16 16 16 16 16 16 
16 16 16 16 16 16 
16 16 16 16 16 16 
16 16 16 16 16 16 
16 16 16 16 16 16 
16 16 16 16 16 16 
16 16 16 16 16 16 
16 16 16 16 16 16 
16 16 16 16 16 16 
16 16 16 16 16 16 
16 16 16 16 16 16 
16 16 16 16 16 16 
16 16 16 16 16 16 
16 16 16 16 16 16 
16 16 16 16 16 16 
16 16 16 16 16 16 
16 16 16 16 16 16 
16 16 16 16 16 16 
16 16 16 16 16 16 
16 16 16 16 16 16 
16 16 16 16 16 16 
16 16 16 16 16 16 
16 16 16 16 16 16 
16 16 16 16 16 16 
16 16 16 16 16 16 
16 16 16 16 16 16 
16 16 16 16 16 16 
16 16 16 16 16 16 
16 16 16 16 16 16 
16 16 16 16 16 16 
16 16 16 16 16 16 
16 16 16 16 16 16 
16 16 16 16 16 16 
16 16 16 16 16 16 
16 16 16 16 16 16 
16 16 16 16 16 16 
16 16 16 16 16 16 
16 16 16 16 16 16 
16 16 16 16 16 16 
16 16 16 16 16 16 
16 16 16 16 16 16 
16 16 16 16 16 16 
16 16 16 16 16 16 
16 16 16 16 16 16 
16 16 16 16 16 16 
16 16 16 16 16 16 
16 16 16 16 16 16 
16 16 16 16 16 16 
16 16 16 16 16 16 
16 16 16 16 16 16 
16 16 16 16 16 16 
16 16 16 16 16 16 
16 16 16 16 16 16 
16 16 16 16 16 16 
16 16 16 16 16 16 
16 16 16 16 16 16 
16 16 16 16 16 16 
16 16 16 16 16 16 
16 16 16 16 16 16 
16 16 16 16 16 16 
16 16 16 16 16 16 
16 16 16 16 16 16 
16 16 16 16 16 16 
16 16 16 16 16 16 
16 16 16 16 16 16 
16 16 16 16 16 16 
16 16 16 16 16 16 
16 16 16 16 16 16 
16 16 16 16 16 16 
16 16 16 16 16 16 
16 16 16 16 16 16 
16 16 16 16 16 16 
16 16 16 16 16 16 
16 16 16 16 16 16 
16 16 16 16 16 16 
16 16 16 16 16 16 
16 16 16 16 16 16 
16 16 16 16 16 16 
16 16 16 16 16 16 
16 16 16 16 16 16 
16 16 16 16 16 16 
16 16 16 16 16 16 
16 16 16 16 16 16 
16 16 16 16 16 16 
16 16 16 16 16 16 
16 16 16 16 16 16 
16 16 16 16 16 16 
16 16 16 16 16 16 
16 16 16 16 16 16 
16 16 16 16 16 16 
16 16 16 16 16 16 
16 16 16 16 16 16 
16 16 16 16 16 16 
16 16 16 16 16 16 
16 16 16 16 16 16 
16 16 16 16 16 16 
16 16 16 16 16 16 
16 16 16 16 16 16 
16 16 16 16 16 16 
16 16 16 16 16 16 
16 16 16 16 16 16 
16 16 16 16 16 16 
16 16 16 16 16 16 
16 16 16 16 16 16 
16 16 16 16 16 16 
16 16 16 16 16 16 
16 16 16 16 16 16 
16 16 16 16 16 16 
16 16 16 16 16 16 
16 16 16 16 16 16 
16 16 16 16 16 16 
16 16 16 16 16 16 
16 16 16 16 16 16 
16 16 16 16 16 16 
16 16 16 16 16 16 
16 16 16 16 16 16 
16 16 16 16 16 16 
16 16 16 16 16 16 
16 16 16 16 16 16 
16 16 16 16 16 16 
16 16 16 16 16 16 
16 16 16 16 16 16 
16 16 16 16 16 16 
16 16 16 16 16 16 
16 16 16 16 16 16 
16 16 16 16 16 16 
16 16 16 16 16 16 
16 16 16 16 16 16 
16 16 16 16 16 16 
16 16 16 16 16 16 
16 16 16 16 16 16 
16 16 16 16 16 16 
16 16 16 16 16 16 
16 16 16 16 16 16 
16 16 16 16 16 16 
16 16 16 16 16 16 
16 16 16 16 16 16 
16 16 16 16 16 16 
16 16 16 16 16 16 
16 16 16 16 16 16 
16 16 16 16 16 16 
16 16 16 16 16 16 
16 16 16 16 16 16 
16 16 16 16 16 16 
16 16 16 16 16 16 
16 16 16 16 16 16 
16 16 16 16 16 16 
16 16 16 16 16 16 
16 16 16 16 16 16 
16 16 16 16 16 16 
16 16 16 16 16 16 
16 16 16 16 16 16 
16 16 16 16 16 16 
16 16 16 16 16 16 
16 16 16 16 16 16 
16 16 16 16 16 16 
16 16 16 16 16 16 
16 16 16 16 16 16 
16 16 16 16 16 16 
16 16 16 16 16 16 
16 16 16 16 16 16 
16 16 16 16 16 16 
16 16 16 16 16 16 
16 16 16 16 16 16 
16 16 16 16 16 16 
16 16 16 16 16 16 
16 16 16 16 16 16 
16 16 16 16 16 16 
16 16 16 16 16 16 
16 16 16 16 16 16 
16 16 16 16 16 16 
16 16 16 16 16 16 
16 16 16 16 16 16 
16 16 16 16 16 16 
16 16 16 16 16 16 
16 16 16 16 16 16 
16 16 16 16 16 16 
16 16 16 16 16 16 
16 16 16 16 16 16 
16 16 16 16 16 16 
16 16 16 16 16 16 
16 16 16 16 16 16 
16 16 16 16 16 16 
16 16 16 16 16 16 
16 16 16 16 16 16 
16 16 16 16 16 16 
16 16 16 16 16 16 
16 16 16 16 16 16 
16 16 16 16 16 16 
16 16 16 16 16 16 
16 16 16 16 16 16 
16 16 16 16 16 16 
16 16 16 16 16 16 
16 16 16 16 16 16 
16 16 16 16 16 16 
16 16 16 16 16 16 
16 16 16 16 16 16 
16 16 16 16 16 16 
16 16 16 16 16 16 
16 16 16 16 16 16 
16 16 16 16 16 16 
16 16 16 16 16 16 
16 16 16 16 16 16 
16 16 16 16 16 16 
16 16 16 16 16 16 
16 16 16 16 16 16 
16 16 16 16 16 16 
16 16 16 16 16 16 
16 16 16 16 16 16 
16 16 16 16 16 16 
16 16 16 16 16 16 
16 16 16 16 16 16 
16 16 16 16 16 16 
16 16 16 16 16 16 
16 16 16 16 16 16 
16 16 16 16 16 16 
16 16 16 16 16 16 
16 16 16 16 16 16 
16 16 16 16 16 16 
16 16 16 16 16 16 
16 16 16 16 16 16 
16 16 16 16 16 16 
16 16 16 16 16 16 
16 16 16 16 16 16 
16 16 16 16 16 16 
16 16 16 16 16 16 
16 16 16 16 16 16 
16 16 16 16 16 16 
16 16 16 16 16 16 
16 16 16 16 16 16 
16 16 16 16 16 16 
16 16 16 16 16 16 
16 16 16 16 16 16 
16 16 16 16 16 16 
16 16 16 16 16 16 
16 16 16 16 16 16 
16 16 16 16 16 16 
16 16 16 16 16 16 
16 16 16 16 16 16 
16 16 16 16 16 16 
16 16 16 16 16 16 
16 16 16 16 16 16 
16 16 16 16 16 16 
16 16 16 16 16 16 
16 16 16 16 16 16 
16 16 16 16 16 16 
16 16 16 16 16 16 
16 16 16 16 16 16 
16 16 16 16 16 16 
16 16 16 16 16 16 
16 16 16 16 16 16 
16 16 16 16 16 16 
16 16 16 16 16 16 
16 16 16 16 16 16 
16 16 16 16 16 16 
16 16 16 16 16 16 
16 16 16 16 16 16 
16 16 16 16 16 16 
16 16 16 16 16 16 
16 16 16 16 16 16 
16 16 16 16 16 16 
16 16 16 16 16 16 
16 16 16 16 16 16 
16 16 16 16 16 16 
16 16 16 16 16 16 
16 16 16 16 16 16 
16 16 16 16 16 16 
16 16 16 16 16 16 
16 16 16 16 16 16 
16 16 16 16 16 16 
16 16 16 16 16 16 
16 16 16 16 16 16 
16 16 16 16 16 16 
16 16 16 16 16 16 
16 16 16 16 16 16 
16 16 16 16 16 16 
16 16 16 16 16 16 
16 16 16 16 16 16 
16 16 16 16 16 16 
16 16 16 16 16 16 
16 16 16 16 16 16 
16 16 16 16 16 16 
16 16 16 16 16 16 
16 16 16 16 16 16 
16 16 16 16 16 16 
16 16 16 16 16 16 
16 16 16 16 16 16 
16 16 16 16 16 16 
16 16 16 16 16 16 
16 16 16 16 16 16 
16 16 16 16 16 16 
16 16 16 16 16 16 
16 16 16 16 16 16 
16 16 16 16 16 16 
16 16 16 16 16 16 
16 16 16 16 16 16 
16 16 16 16 16 16 
16 16 16 16 16 16 
16 16 16 16 16 16 
16 16 16 16 16 16 
16 16 16 16 16 16 
16 16 16 16 16 16 
16 16 16 16 16 16 
16 16 16 16 16 16 
16 16 16 16 16 16 
16 16 16 16 16 16 
16 16 16 16 16 16 
16 16 16 16 16 16 
16 16 16 16 16 16 
16 16 16 16 16 16 
16 16 16 16 16 16 
16 16 16 16 16 16 
16 16 16 16 16 16 
16 16 16 16 16 16 
16 16 16 16 16 16 
16 16 16 16 16 16 
16 16 16 16 16 16 
16 16 16 16 16 16 
16 16 16 16 16 16 
16 16 16 16 16 16 
16 16 16 16 16 16 
16 16 16 16 16 16 
16 16 16 16 16 16 
16 16 16 16 16 16 
16 16 16 16 16 16 
16 16 16 16 16 16 
16 16 16 16 16 16 
16 16 16 16 16 16 
16 16 16 16 16 16 
16 16 16 16 16 16 
16 16 16 16 16 16 
16 16 16 16 16 16 
16 16 16 16 16 16 
16 16 16 16 16 16 
16 16 16 16 16 16 
16 16 16 16 16 16 
16 16 16 16 16 16 
16 16 16 16 16 16 
16 16 16 16 16 16 
16 16 16 16 16 16 
16 16 16 16 16 16 
16 16 16 16 16 16 
16 16 16 16 16 16 
16 16 16 16 16 16 
16 16 16 16 16 16 
16 16 16 16 16 16 
16 16 16 16 16 16 
16 16 16 16 16 16 
16 16 16 16 16 16 
16 16 16 16 16 16 
16 16 16 16 16 16 
16 16 16 16 16 16 
16 16 16 16 16 16 
16 16 16 16 16 16 
16 16 16 16 16 16 
16 16 16 16 16 16 
16 16 16 16 16 16 
16 16 16 16 16 16 
16 16 16 16 16 16 
16 16 16 16 16 16 
16 16 16 16 16 16 
16 16 16 16 16 16 
16 16 16 16 16 16 
16 16 16 16 16 16 
16 16 16 16 16 16 
16 16 16 16 16 16 
16 16 16 16 16 16 
16 16 16 16 16 16 
16 16 16 16 16 16 
16 16 16 16 16 16 
16 16 16 16 16 16 
16 16 16 16 16 16 
16 16 16 16 16 16 
16 16 16 16 16 16 
16 16 16 16 16 16 
16 16 16 16 16 16 
16 16 16 16 16 16 
16 16 16 16 16 16 
16 16 16 16 16 16 
16 16 16 16 16 16 
16 16 16 16 16 16 
16 16 16 16 16 16 
16 16 16 16 16 16 
16 16 16 16 16 16 
16 16 16 16 16 16 
16 16 16 16 16 16 
16 16 16 16 16 16 
16 16 16 16 16 16 
16 16 16 16 16 16 
16 16 16 16 16 16 
16 16 16 16 16 16 
16 16 16 16 16 16 
16 16 16 16 16 16 
16 16 16 16 16 16 
16 16 16 16 16 16 
16 16 16 16 16 16 
16 16 16 16 16 16 
16 16 16 16 16 16 
16 16 16 16 16 16 
16 16 16 16 16 16 
16 16 16 16 16 16 
16 16 16 16 16 16 
16 16 16 16 16 16 
16 16 16 16 16 16 
16 16 16 16 16 16 
16 16 16 16 16 16 
16 16 16 16 16 16 
16 16 16 16 16 16 
16 16 16 16 16 16 
16 16 16 16 16 16 
16 16 16 16 16 16 
16 16 16 16 16 16 
16 16 16 16 16 16 
16 16 16 16 16 16 
16 16 16 16 16 16 
16 16 16 16 16 16 
16 16 16 16 16 16 
16 16 16 16 16 16 
16 16 16 16 16 16 
16 16 16 16 16 16 
16 16 16 16 16 16 
16 16 16 16 16 16 
16 16 16 16 16 16 
16 16 16 16 16 16 
16 16 16 16 16 16 
16 16 16 16 16 16 
16 16 16 16 16 16 
16 16 16 16 16 16 
16 16 16 16 16 16 
16 16 16 16 16 16 
16 16 16 16 16 16 
16 16 16 16 16 16 
16 16 16 16 16 16 
16 16 16 16 16 16 
16 16 16 16 16 16 
16 16 16 16 16 16 
16 16 16 16 16 16 
16 16 16 16 16 16 
16 16 16 16 16 16 
16 16 16 16 16 16 
16 16 16 16 16 16 
16 16 16 16 16 16 
16 16 16 16 16 16 
16 16 16 16 16 16 
16 16 16 16 16 16 
16 16 16 16 16 16 
16 16 16 16 16 16 
16 16 16 16 16 16 
16 16 16 16 16 16 
16 16 16 16 16 16 
16 16 16 16 16 16 
16 16 16 16 16 16 
16 16 16 16 16 16 
16 16 16 16 16 16 
16 16 16 16 16 16 
16 16 16 16 16 16 
16 16 16 16 16 16 
16 16 16 16 16 16 
16 16 16 16 16 16 
16 16 16 16 16 16 
16 16 16 16 16 16 
16 16 16 16 16 16 
16 16 16 16 16 16 
16 16 16 16 16 16 
16 16 16 16 16 16 
16 16 16 16 16 16 
16 16 16 16 16 16 
16 16 16 16 16 16 
16 16 16 16 16 16 
16 16 16 16 16 16 
16 16 16 16 16 16 
16 16 16 16 16 16 
16 16 16 16 16 16 
16 16 16 16 16 16 
16 16 16 16 16 16 
16 16 16 16 16 16 
16 16 16 16 16 16 
16 16 16 16 16 16 
16 16 16 16 16 16 
16 16 16 16 16 16 
16 16 16 16 16 16 
16 16 16 16 16 16 
16 16 16 16 16 16 
16 16 16 16 16 16 
16 16 16 16 16 16 
16 16 16 16 16 16 
16 16 16 16 16 16 
16 16 16 16 16 16 
16 16 16 16 16 16 
16 16 16 16 16 16 
16 16 16 16 16 16 
16 16 16 16 16 16 
16 16 16 16 16 16 
16 16 16 16 16 16 
16 16 16 16 16 16 
16 16 16 16 16 16 
16 16 16 16 16 16 
16 16 16 16 16 16 
16 16 16 16 16 16 
16 16 16 16 16 16 
16 16 16 16 16 16 
16 16 16 16 16 16 
16 16 16 16 16 16 
16 16 16 16 16 16 
16 16 16 16 16 16 
16 16 16 16 16 16 
16 16 16 16 16 16 
16 16 16 16 16 16 
16 16 16 16 16 16 
16 16 16 16 16 16 
16 16 16 16 16 16 
16 16 16 16 16 16 
16 16 16 16 16 16 
16 16 16 16 16 16 
16 16 16 16 16 16 
16 16 16 16 16 16 
16 16 16 16 16 16 
16 16 16 16 16 16 
16 16 16 16 16 16 
16 16 16 16 16 16 
16 16 16 16 16 16 
16 16 16 16 16 16 
16 16 16 16 16 16 
16 16 16 16 16 16 
16 16 16 16 16 16 
16 16 16 16 16 16 
16 16 16 16 16 16 
16 16 16 16 16 16 
16 16 16 16 16 16 
16 16 16 16 16 16 
16 16 16 16 16 16 
16 16 16 16 16 16 
16 16 16 16 16 16 
16 16 16 16 16 16 
16 16 16 16 16 16 
16 16 16 16 16 16 
16 16 16 16 16 16 
16 16 16 16 16 16 
16 16 16 16 16 16 
16 16 16 16 16 16 
16 16 16 16 16 16 
16 16 16 16 16 16 
16 16 16 16 16 16 
16 16 16 16 16 16 
16 16 16 16 16 16 
16 16 16 16 16 16 
16 16 16 16 16 16 
16 16 16 16 16 16 
16 16 16 16 16 16 
16 16 16 16 16 16 
16 16 16 16 16 16 
16 16 16 16 16 16 
16 16 16 16 16 16 
16 16 16 16 16 16 
16 16 16 16 16 16 
16 16 16 16 16 16 
16 16 16 16 16 16 
16 16 16 16 16 16 
16 16 16 16 16 16 
16 16 16 16 16 16 
16 16 16 16 16 16 
16 16 16 16 16 16 
16 16 16 16 16 16 
16 16 16 16 16 16 
16 16 16 16 16 16 
16 16 16 16 16 16 
16 16 16 16 16 16 
16 16 16 16 16 16 
16 16 16 16 16 16 
16 16 16 16 16 16 
16 16 16 16 16 16 
16 16 16 16 16 16 
16 16 16 16 16 16 
16 16 16 16 16 16 
16 16 16 16 16 16 
16 16 16 16 16 16 
16 16 16 16 16 16 
16 16 16 16 16 16 
16 16 16 16 16 16 
16 16 16 16 16 16 
16 16 16 16 16 16 
16 16 16 16 16 16 
16 16 16 16 16 16 
16 16 16 16 16 16 
16 16 16 16 16 16 
16 16 16 16 16 16 
16 16 16 16 16 16 
16 16 16 16 16 16 
16 16 16 16 16 16 
16 16 16 16 16 16 
16 16 16 16 16 16 
16 16 16 16 16 16 
16 16 16 16 16 16 
16 16 16 16 16 16 
16 16 16 16 16 16 
16 16 16 16 16 16 
16 16 16 16 16 16 
16 16 16 16 16 16 
16 16 16 16 16 16 
16 16 16 16 16 16 
16 16 16 16 16 16 
16 16 16 16 16 16 
16 16 16 16 16 16 
16 16 16 16 16 16 
16 16 16 16 16 16 
16 16 16 16 16 16 
16 16 16 16 16 16 
16 16 16 16 16 16 
16 16 16 16 16 16 
16 16 16 16 16 16 
16 16 16 16 16 16 
16 16 16 16 16 16 
16 16 16 16 16 16 
16 16 16 16 16 16 
16 16 16 16 16 16 
16 16 16 16 16 16 
16 16 16 16 16 16 
16 16 16 16 16 16 
16 16 16 16 16 16 
16 16 16 16 16 16 
16 16 16 16 16 16 
16 16 16 16 16 16 
16 16 16 16 16 16 
16 16 16 16 16 16 
16 16 16 16 16 16 
16 16 16 16 16 16 
16 16 16 16 16 16 
16 16 16 16 16 16 
16 16 16 16 16 16 
16 16 16 16 16 16 
16 16 16 16 16 16 
16 16 16 16 16 16 
16 16 16 16 16 16 
16 16 16 16 16 16 
16 16 16 16 16 16 
16 16 16 16 16 16 
16 16 16 16 16 16 
16 16 16 16 16 16 
16 16 16 16 16 16 
16 16 16 16 16 16 
16 16 16 16 16 16 
16 16 16 16 16 16 
16 16 16 16 16 16 
16 16 16 16 16 16 
16 16 16 16 16 16 
16 16 16 16 16 16 
16 16 16 16 16 16 
16 16 16 16 16 16 
16 16 16 16 16 16 
16 16 16 16 16 16 
16 16 16 16 16 16 
16 16 16 16 16 16 
16 16 16 16 16 16 
16 16 16 16 16 16 
16 16 16 16 16 16 
16 16 16 16 16 16 
16 16 16 16 16 16 
16 16 16 16 16 16 
16 16 16 16 16 16 
16 16 16 16 16 16 
16 16 16 16 16 16 
16 16 16 16 16 16 
16 16 16 16 16 16 
16 16 16 16 16 16 
16 16 16 16 16 16 
16 16 16 16 16 16 
16 16 16 16 16 16 
16 16 16 16 16 16 
16 16 16 16 16 16 
16 16 16 16 16 16 
16 16 16 16 16 16 
16 16 16 16 16 16 
16 16 16 16 16 16 
16 16 16 16 16 16 
16 16 16 16 16 16 
16 16 16 16 16 16 
16 16 16 16 16 16 
16 16 16 16 16 16 
16 16 16 16 16 16 
16 16 16 16 16 16 
16 16 16 16 16 16 
16 16 16 16 16 16 
16 16 16 16 16 16 
16 16 16 16 16 16 
16 16 16 16 16 16 
16 16 16 16 16 16 
16 16 16 16 16 16 
16 16 16 16 16 16 
16 16 16 16 16 16 
16 16 16 16 16 16 
16 16 16 16 16 16 
16 16 16 16 16 16 
16 16 16 16 16 16 
16 16 16 16 16 16 
16 16 16 16 16 16 
16 16 16 16 16 16 
16 16 16 16 16 16 
16 16 16 16 16 16 
16 16 16 16 16 16 
16 16 16 16 16 16 
16 16 16 16 16 16 
16 16 16 16 16 16 
16 16 16 16 16 16 
16 16 16 16 16 16 
16 16 16 16 16 16 
16 16 16 16 16 16 
16 16 16 16 16 16 
16 16 16 16 16 16 
16 16 16 16 16 16 
16 16 16 16 16 16 
16 16 16 16 16 16 
16 16 16 16 16 16 
16 16 16 16 16 16 
16 16 16 16 16 16 
16 16 16 16 16 16 
16 16 16 16 16 16 
16 16 16 16 16 16 
16 16 16 16 16 16 
16 16 16 16 16 16 
16 16 16 16 16 16 
16 16 16 16 16 16 
16 16 16 16 16 16 
16 16 16 16 16 16 
att
1 1 0 0 0 0 
1 0 0 0 0 0 
0 1 1 0 0 0 
1 1 0 0 0 0 
0 0 1 0 0 0 
1 1 1 0 0 0 
1 0 0 0 0 0 
0 0 0 1 0 0 
0 0 0 1 1 1 
0 0 0 1 1 1 
0 0 0 1 0 1 
0 0 0 0 0 1 
0 0 0 1 1 1 
0 0 0 1 0 1 
0 0 0 1 1 1 
0 0 0 1 1 1 
0 0 0 0 1 1 
0 0 0 1 0 1 
0 0 0 1 1 1 
0 0 0 1 1 0 
