nbServi = 6 ;
nbVehi = 20 ;
nbCust = 70 ;
nbSynch = 30 ;
e
0 76 44 45 124 100 334 448 329 450 174 0 432 468 271 415 382 321 18 267 39 82 404 3 91 158 404 279 280 336 371 123 153 439 51 135 332 298 66 366 194 245 80 153 447 133 475 352 369 76 12 132 285 114 410 364 52 408 45 186 357 394 285 456 109 32 345 260 265 209 227 454 12 117 280 74 396 180 301 271 278 16 54 267 226 397 416 328 321 185 158 286 178 187 417 46 341 60 159 25 55 
l
600 196 164 165 244 220 454 568 449 570 294 120 552 588 391 535 502 441 138 387 159 202 524 123 211 278 524 399 400 456 491 243 273 559 171 255 452 418 186 486 314 365 200 273 567 253 595 472 489 196 132 252 405 234 530 484 172 528 165 306 477 514 405 576 229 152 465 380 385 329 347 574 132 237 400 194 516 300 421 391 398 136 174 387 346 517 536 448 441 305 278 406 298 307 537 166 461 180 279 145 175 
cx
36 85 80 68 50 0 8 95 61 7 42 83 18 39 76 23 79 35 18 46 25 73 33 12 76 12 94 44 8 26 74 96 72 20 29 54 37 14 80 31 76 87 97 8 25 6 87 26 40 45 48 91 95 15 34 92 57 78 7 23 31 57 77 48 67 76 1 1 90 61 81 92 35 10 52 61 42 89 87 95 84 54 20 9 36 85 19 59 81 35 68 95 28 8 82 82 84 11 31 7 0 
cy
9 10 8 18 30 22 27 18 9 23 33 31 26 27 3 33 43 22 23 24 49 23 17 12 31 15 45 10 48 47 25 49 21 29 28 30 28 21 18 29 16 16 7 0 8 30 24 27 22 32 49 40 0 1 30 25 38 10 23 49 4 49 33 16 38 44 17 35 46 0 37 19 10 15 15 0 36 22 22 12 47 6 49 13 6 35 22 35 2 33 21 40 2 41 36 42 38 46 23 1 0 
s
1 1 1 1 1 1 
0 0 0 0 1 0 
0 0 1 0 0 0 
0 0 0 1 0 0 
0 0 0 0 1 0 
0 0 0 0 1 0 
0 0 0 0 1 0 
0 0 0 0 1 0 
0 0 0 0 0 1 
1 0 0 0 0 0 
1 0 0 0 0 0 
1 0 0 0 0 0 
1 0 0 0 0 0 
1 0 0 0 0 0 
0 1 0 0 0 0 
0 1 0 0 0 0 
0 0 0 0 1 0 
0 0 0 1 0 0 
1 0 0 0 0 0 
0 0 0 1 0 0 
0 0 0 1 0 0 
0 0 0 0 1 0 
0 0 1 0 0 0 
0 0 0 1 0 0 
0 1 0 0 0 0 
0 0 1 0 0 0 
0 0 1 0 0 0 
0 0 0 1 0 0 
0 0 0 0 1 0 
1 0 0 0 0 0 
0 0 0 0 0 1 
0 0 0 1 0 0 
0 0 0 1 0 0 
0 1 0 0 0 0 
0 0 0 1 0 0 
0 0 0 1 0 0 
0 0 1 0 0 0 
0 0 0 0 1 0 
1 0 0 0 0 0 
1 0 0 0 0 0 
0 0 1 0 0 0 
0 0 0 0 0 1 
0 0 1 0 0 0 
0 0 0 1 0 0 
0 0 0 1 0 0 
0 1 0 0 0 0 
0 1 0 0 0 0 
0 0 0 0 1 0 
0 0 0 1 0 0 
0 0 0 0 1 0 
1 0 0 0 0 0 
1 0 0 0 0 0 
0 0 0 1 0 0 
1 0 0 0 0 0 
0 0 1 0 0 0 
0 0 0 0 1 0 
0 0 0 0 1 0 
1 0 0 0 0 0 
0 0 0 1 0 0 
1 0 0 0 0 0 
0 0 0 1 0 0 
0 0 0 0 1 0 
0 0 0 1 0 0 
1 0 0 0 0 0 
0 1 0 0 0 0 
0 0 1 0 0 0 
0 0 0 1 0 0 
0 0 1 0 0 0 
0 1 0 0 0 0 
0 0 0 0 0 1 
0 0 0 0 0 1 
0 0 0 1 1 0 
0 0 0 1 1 0 
0 0 0 1 0 1 
0 0 0 1 1 0 
0 0 0 0 1 1 
0 0 0 1 1 0 
0 0 0 1 1 0 
0 0 0 0 1 1 
0 0 0 1 1 0 
0 0 0 1 1 0 
0 0 0 0 1 1 
0 0 0 1 1 0 
0 0 0 1 0 1 
0 0 0 1 1 0 
0 0 0 0 1 1 
0 1 0 1 0 0 
0 0 1 0 0 1 
0 0 1 0 1 0 
0 0 1 1 0 0 
1 0 0 1 0 0 
1 0 0 0 1 0 
0 0 1 1 0 0 
1 0 0 1 0 0 
0 1 0 0 0 1 
0 0 1 1 0 0 
1 0 0 0 0 1 
0 0 1 0 0 1 
0 1 0 0 1 0 
0 0 1 1 0 0 
0 1 0 0 1 0 
delta
53 106 
30 60 
52 104 
20 40 
60 120 
57 114 
21 42 
1 2 
42 84 
41 82 
4 8 
43 86 
38 76 
11 22 
22 44 
21 42 
41 82 
16 32 
57 114 
31 62 
29 58 
38 76 
49 98 
58 116 
13 26 
38 76 
34 68 
24 48 
7 14 
14 28 
50 100 
2 4 
30 60 
10 20 
6 12 
5 10 
0 0 
17 34 
22 44 
31 62 
42 84 
17 34 
41 82 
19 38 
60 120 
12 24 
45 90 
12 24 
12 24 
33 66 
56 112 
49 98 
43 86 
48 96 
59 118 
15 30 
11 22 
55 110 
22 44 
20 40 
44 88 
11 22 
39 78 
50 100 
43 86 
41 82 
6 12 
51 102 
0 0 
46 92 
3 6 
0 0 
0 0 
0 0 
0 0 
0 0 
0 0 
0 0 
0 0 
0 0 
0 0 
0 0 
0 0 
0 0 
0 0 
0 0 
34 68 
27 54 
49 98 
30 60 
59 118 
44 88 
60 120 
45 90 
9 18 
38 76 
10 20 
25 50 
19 38 
16 32 
51 102 
p
0 0 0 0 0 0 
0 0 0 0 0 0 
0 0 0 0 0 0 
0 0 0 0 0 0 
0 0 0 0 0 0 
0 0 0 0 0 0 
0 0 0 0 0 0 
0 0 0 0 0 0 
0 0 0 0 0 0 
0 0 0 0 0 0 
0 0 0 0 0 0 
0 0 0 0 0 0 
0 0 0 0 0 0 
0 0 0 0 0 0 
0 0 0 0 0 0 
0 0 0 0 0 0 
0 0 0 0 0 0 
0 0 0 0 0 0 
0 0 0 0 0 0 
0 0 0 0 0 0 
12 12 12 12 12 12 
12 12 12 12 12 12 
12 12 12 12 12 12 
12 12 12 12 12 12 
12 12 12 12 12 12 
12 12 12 12 12 12 
12 12 12 12 12 12 
12 12 12 12 12 12 
12 12 12 12 12 12 
12 12 12 12 12 12 
12 12 12 12 12 12 
12 12 12 12 12 12 
12 12 12 12 12 12 
12 12 12 12 12 12 
12 12 12 12 12 12 
12 12 12 12 12 12 
12 12 12 12 12 12 
12 12 12 12 12 12 
12 12 12 12 12 12 
12 12 12 12 12 12 
12 12 12 12 12 12 
12 12 12 12 12 12 
12 12 12 12 12 12 
12 12 12 12 12 12 
12 12 12 12 12 12 
12 12 12 12 12 12 
12 12 12 12 12 12 
12 12 12 12 12 12 
12 12 12 12 12 12 
12 12 12 12 12 12 
12 12 12 12 12 12 
12 12 12 12 12 12 
12 12 12 12 12 12 
12 12 12 12 12 12 
12 12 12 12 12 12 
12 12 12 12 12 12 
12 12 12 12 12 12 
12 12 12 12 12 12 
12 12 12 12 12 12 
12 12 12 12 12 12 
12 12 12 12 12 12 
12 12 12 12 12 12 
12 12 12 12 12 12 
12 12 12 12 12 12 
12 12 12 12 12 12 
12 12 12 12 12 12 
12 12 12 12 12 12 
12 12 12 12 12 12 
12 12 12 12 12 12 
12 12 12 12 12 12 
12 12 12 12 12 12 
12 12 12 12 12 12 
12 12 12 12 12 12 
12 12 12 12 12 12 
12 12 12 12 12 12 
12 12 12 12 12 12 
12 12 12 12 12 12 
12 12 12 12 12 12 
12 12 12 12 12 12 
12 12 12 12 12 12 
12 12 12 12 12 12 
12 12 12 12 12 12 
12 12 12 12 12 12 
12 12 12 12 12 12 
12 12 12 12 12 12 
12 12 12 12 12 12 
12 12 12 12 12 12 
12 12 12 12 12 12 
12 12 12 12 12 12 
12 12 12 12 12 12 
12 12 12 12 12 12 
12 12 12 12 12 12 
12 12 12 12 12 12 
12 12 12 12 12 12 
12 12 12 12 12 12 
12 12 12 12 12 12 
12 12 12 12 12 12 
12 12 12 12 12 12 
12 12 12 12 12 12 
12 12 12 12 12 12 
12 12 12 12 12 12 
12 12 12 12 12 12 
12 12 12 12 12 12 
12 12 12 12 12 12 
12 12 12 12 12 12 
12 12 12 12 12 12 
12 12 12 12 12 12 
12 12 12 12 12 12 
12 12 12 12 12 12 
12 12 12 12 12 12 
12 12 12 12 12 12 
12 12 12 12 12 12 
12 12 12 12 12 12 
12 12 12 12 12 12 
12 12 12 12 12 12 
12 12 12 12 12 12 
12 12 12 12 12 12 
12 12 12 12 12 12 
12 12 12 12 12 12 
12 12 12 12 12 12 
12 12 12 12 12 12 
12 12 12 12 12 12 
12 12 12 12 12 12 
12 12 12 12 12 12 
12 12 12 12 12 12 
12 12 12 12 12 12 
12 12 12 12 12 12 
12 12 12 12 12 12 
12 12 12 12 12 12 
12 12 12 12 12 12 
12 12 12 12 12 12 
12 12 12 12 12 12 
12 12 12 12 12 12 
12 12 12 12 12 12 
12 12 12 12 12 12 
12 12 12 12 12 12 
12 12 12 12 12 12 
12 12 12 12 12 12 
12 12 12 12 12 12 
12 12 12 12 12 12 
12 12 12 12 12 12 
12 12 12 12 12 12 
12 12 12 12 12 12 
12 12 12 12 12 12 
12 12 12 12 12 12 
12 12 12 12 12 12 
12 12 12 12 12 12 
12 12 12 12 12 12 
12 12 12 12 12 12 
12 12 12 12 12 12 
12 12 12 12 12 12 
12 12 12 12 12 12 
12 12 12 12 12 12 
12 12 12 12 12 12 
12 12 12 12 12 12 
12 12 12 12 12 12 
12 12 12 12 12 12 
12 12 12 12 12 12 
12 12 12 12 12 12 
12 12 12 12 12 12 
12 12 12 12 12 12 
12 12 12 12 12 12 
12 12 12 12 12 12 
12 12 12 12 12 12 
12 12 12 12 12 12 
12 12 12 12 12 12 
12 12 12 12 12 12 
12 12 12 12 12 12 
12 12 12 12 12 12 
12 12 12 12 12 12 
12 12 12 12 12 12 
12 12 12 12 12 12 
12 12 12 12 12 12 
12 12 12 12 12 12 
12 12 12 12 12 12 
12 12 12 12 12 12 
12 12 12 12 12 12 
12 12 12 12 12 12 
12 12 12 12 12 12 
12 12 12 12 12 12 
12 12 12 12 12 12 
12 12 12 12 12 12 
12 12 12 12 12 12 
12 12 12 12 12 12 
12 12 12 12 12 12 
12 12 12 12 12 12 
12 12 12 12 12 12 
12 12 12 12 12 12 
12 12 12 12 12 12 
12 12 12 12 12 12 
12 12 12 12 12 12 
12 12 12 12 12 12 
12 12 12 12 12 12 
12 12 12 12 12 12 
12 12 12 12 12 12 
12 12 12 12 12 12 
12 12 12 12 12 12 
12 12 12 12 12 12 
12 12 12 12 12 12 
12 12 12 12 12 12 
12 12 12 12 12 12 
12 12 12 12 12 12 
12 12 12 12 12 12 
12 12 12 12 12 12 
12 12 12 12 12 12 
12 12 12 12 12 12 
12 12 12 12 12 12 
12 12 12 12 12 12 
12 12 12 12 12 12 
12 12 12 12 12 12 
12 12 12 12 12 12 
12 12 12 12 12 12 
12 12 12 12 12 12 
12 12 12 12 12 12 
12 12 12 12 12 12 
12 12 12 12 12 12 
12 12 12 12 12 12 
12 12 12 12 12 12 
12 12 12 12 12 12 
12 12 12 12 12 12 
12 12 12 12 12 12 
12 12 12 12 12 12 
12 12 12 12 12 12 
12 12 12 12 12 12 
12 12 12 12 12 12 
12 12 12 12 12 12 
12 12 12 12 12 12 
12 12 12 12 12 12 
12 12 12 12 12 12 
12 12 12 12 12 12 
12 12 12 12 12 12 
12 12 12 12 12 12 
12 12 12 12 12 12 
12 12 12 12 12 12 
12 12 12 12 12 12 
12 12 12 12 12 12 
12 12 12 12 12 12 
12 12 12 12 12 12 
12 12 12 12 12 12 
12 12 12 12 12 12 
12 12 12 12 12 12 
12 12 12 12 12 12 
12 12 12 12 12 12 
12 12 12 12 12 12 
12 12 12 12 12 12 
12 12 12 12 12 12 
12 12 12 12 12 12 
12 12 12 12 12 12 
12 12 12 12 12 12 
12 12 12 12 12 12 
12 12 12 12 12 12 
12 12 12 12 12 12 
12 12 12 12 12 12 
12 12 12 12 12 12 
12 12 12 12 12 12 
12 12 12 12 12 12 
12 12 12 12 12 12 
12 12 12 12 12 12 
12 12 12 12 12 12 
12 12 12 12 12 12 
12 12 12 12 12 12 
12 12 12 12 12 12 
12 12 12 12 12 12 
12 12 12 12 12 12 
12 12 12 12 12 12 
12 12 12 12 12 12 
12 12 12 12 12 12 
12 12 12 12 12 12 
12 12 12 12 12 12 
12 12 12 12 12 12 
12 12 12 12 12 12 
12 12 12 12 12 12 
12 12 12 12 12 12 
12 12 12 12 12 12 
12 12 12 12 12 12 
12 12 12 12 12 12 
12 12 12 12 12 12 
12 12 12 12 12 12 
12 12 12 12 12 12 
12 12 12 12 12 12 
12 12 12 12 12 12 
12 12 12 12 12 12 
12 12 12 12 12 12 
12 12 12 12 12 12 
12 12 12 12 12 12 
12 12 12 12 12 12 
12 12 12 12 12 12 
12 12 12 12 12 12 
12 12 12 12 12 12 
12 12 12 12 12 12 
12 12 12 12 12 12 
12 12 12 12 12 12 
12 12 12 12 12 12 
12 12 12 12 12 12 
12 12 12 12 12 12 
12 12 12 12 12 12 
12 12 12 12 12 12 
12 12 12 12 12 12 
12 12 12 12 12 12 
12 12 12 12 12 12 
12 12 12 12 12 12 
12 12 12 12 12 12 
12 12 12 12 12 12 
12 12 12 12 12 12 
12 12 12 12 12 12 
12 12 12 12 12 12 
12 12 12 12 12 12 
12 12 12 12 12 12 
12 12 12 12 12 12 
12 12 12 12 12 12 
12 12 12 12 12 12 
12 12 12 12 12 12 
12 12 12 12 12 12 
12 12 12 12 12 12 
12 12 12 12 12 12 
12 12 12 12 12 12 
12 12 12 12 12 12 
12 12 12 12 12 12 
12 12 12 12 12 12 
12 12 12 12 12 12 
12 12 12 12 12 12 
12 12 12 12 12 12 
12 12 12 12 12 12 
12 12 12 12 12 12 
12 12 12 12 12 12 
12 12 12 12 12 12 
12 12 12 12 12 12 
12 12 12 12 12 12 
12 12 12 12 12 12 
12 12 12 12 12 12 
12 12 12 12 12 12 
12 12 12 12 12 12 
12 12 12 12 12 12 
12 12 12 12 12 12 
12 12 12 12 12 12 
12 12 12 12 12 12 
12 12 12 12 12 12 
12 12 12 12 12 12 
12 12 12 12 12 12 
12 12 12 12 12 12 
12 12 12 12 12 12 
12 12 12 12 12 12 
12 12 12 12 12 12 
12 12 12 12 12 12 
12 12 12 12 12 12 
12 12 12 12 12 12 
12 12 12 12 12 12 
12 12 12 12 12 12 
12 12 12 12 12 12 
12 12 12 12 12 12 
12 12 12 12 12 12 
12 12 12 12 12 12 
12 12 12 12 12 12 
12 12 12 12 12 12 
12 12 12 12 12 12 
12 12 12 12 12 12 
12 12 12 12 12 12 
12 12 12 12 12 12 
12 12 12 12 12 12 
12 12 12 12 12 12 
12 12 12 12 12 12 
12 12 12 12 12 12 
12 12 12 12 12 12 
12 12 12 12 12 12 
12 12 12 12 12 12 
12 12 12 12 12 12 
12 12 12 12 12 12 
12 12 12 12 12 12 
12 12 12 12 12 12 
12 12 12 12 12 12 
12 12 12 12 12 12 
12 12 12 12 12 12 
12 12 12 12 12 12 
12 12 12 12 12 12 
12 12 12 12 12 12 
12 12 12 12 12 12 
12 12 12 12 12 12 
12 12 12 12 12 12 
12 12 12 12 12 12 
12 12 12 12 12 12 
12 12 12 12 12 12 
12 12 12 12 12 12 
12 12 12 12 12 12 
12 12 12 12 12 12 
12 12 12 12 12 12 
12 12 12 12 12 12 
12 12 12 12 12 12 
12 12 12 12 12 12 
12 12 12 12 12 12 
12 12 12 12 12 12 
12 12 12 12 12 12 
12 12 12 12 12 12 
12 12 12 12 12 12 
12 12 12 12 12 12 
12 12 12 12 12 12 
12 12 12 12 12 12 
12 12 12 12 12 12 
12 12 12 12 12 12 
12 12 12 12 12 12 
12 12 12 12 12 12 
12 12 12 12 12 12 
12 12 12 12 12 12 
12 12 12 12 12 12 
12 12 12 12 12 12 
12 12 12 12 12 12 
12 12 12 12 12 12 
12 12 12 12 12 12 
12 12 12 12 12 12 
12 12 12 12 12 12 
12 12 12 12 12 12 
12 12 12 12 12 12 
12 12 12 12 12 12 
12 12 12 12 12 12 
12 12 12 12 12 12 
12 12 12 12 12 12 
12 12 12 12 12 12 
12 12 12 12 12 12 
12 12 12 12 12 12 
12 12 12 12 12 12 
12 12 12 12 12 12 
12 12 12 12 12 12 
12 12 12 12 12 12 
12 12 12 12 12 12 
12 12 12 12 12 12 
12 12 12 12 12 12 
12 12 12 12 12 12 
12 12 12 12 12 12 
12 12 12 12 12 12 
12 12 12 12 12 12 
12 12 12 12 12 12 
12 12 12 12 12 12 
12 12 12 12 12 12 
12 12 12 12 12 12 
12 12 12 12 12 12 
12 12 12 12 12 12 
12 12 12 12 12 12 
12 12 12 12 12 12 
12 12 12 12 12 12 
12 12 12 12 12 12 
12 12 12 12 12 12 
12 12 12 12 12 12 
12 12 12 12 12 12 
12 12 12 12 12 12 
12 12 12 12 12 12 
12 12 12 12 12 12 
12 12 12 12 12 12 
12 12 12 12 12 12 
12 12 12 12 12 12 
12 12 12 12 12 12 
12 12 12 12 12 12 
12 12 12 12 12 12 
12 12 12 12 12 12 
12 12 12 12 12 12 
12 12 12 12 12 12 
12 12 12 12 12 12 
12 12 12 12 12 12 
12 12 12 12 12 12 
12 12 12 12 12 12 
12 12 12 12 12 12 
12 12 12 12 12 12 
12 12 12 12 12 12 
12 12 12 12 12 12 
12 12 12 12 12 12 
12 12 12 12 12 12 
12 12 12 12 12 12 
12 12 12 12 12 12 
12 12 12 12 12 12 
12 12 12 12 12 12 
12 12 12 12 12 12 
12 12 12 12 12 12 
12 12 12 12 12 12 
12 12 12 12 12 12 
12 12 12 12 12 12 
12 12 12 12 12 12 
12 12 12 12 12 12 
12 12 12 12 12 12 
12 12 12 12 12 12 
12 12 12 12 12 12 
12 12 12 12 12 12 
12 12 12 12 12 12 
12 12 12 12 12 12 
12 12 12 12 12 12 
12 12 12 12 12 12 
12 12 12 12 12 12 
12 12 12 12 12 12 
12 12 12 12 12 12 
12 12 12 12 12 12 
12 12 12 12 12 12 
12 12 12 12 12 12 
12 12 12 12 12 12 
12 12 12 12 12 12 
12 12 12 12 12 12 
12 12 12 12 12 12 
12 12 12 12 12 12 
12 12 12 12 12 12 
12 12 12 12 12 12 
12 12 12 12 12 12 
12 12 12 12 12 12 
12 12 12 12 12 12 
12 12 12 12 12 12 
12 12 12 12 12 12 
12 12 12 12 12 12 
12 12 12 12 12 12 
12 12 12 12 12 12 
12 12 12 12 12 12 
12 12 12 12 12 12 
12 12 12 12 12 12 
12 12 12 12 12 12 
12 12 12 12 12 12 
12 12 12 12 12 12 
12 12 12 12 12 12 
12 12 12 12 12 12 
12 12 12 12 12 12 
12 12 12 12 12 12 
12 12 12 12 12 12 
12 12 12 12 12 12 
12 12 12 12 12 12 
12 12 12 12 12 12 
12 12 12 12 12 12 
12 12 12 12 12 12 
12 12 12 12 12 12 
12 12 12 12 12 12 
12 12 12 12 12 12 
12 12 12 12 12 12 
12 12 12 12 12 12 
12 12 12 12 12 12 
12 12 12 12 12 12 
12 12 12 12 12 12 
12 12 12 12 12 12 
12 12 12 12 12 12 
12 12 12 12 12 12 
12 12 12 12 12 12 
12 12 12 12 12 12 
12 12 12 12 12 12 
12 12 12 12 12 12 
12 12 12 12 12 12 
12 12 12 12 12 12 
12 12 12 12 12 12 
12 12 12 12 12 12 
12 12 12 12 12 12 
12 12 12 12 12 12 
12 12 12 12 12 12 
12 12 12 12 12 12 
12 12 12 12 12 12 
12 12 12 12 12 12 
12 12 12 12 12 12 
12 12 12 12 12 12 
12 12 12 12 12 12 
12 12 12 12 12 12 
12 12 12 12 12 12 
12 12 12 12 12 12 
12 12 12 12 12 12 
12 12 12 12 12 12 
12 12 12 12 12 12 
12 12 12 12 12 12 
12 12 12 12 12 12 
12 12 12 12 12 12 
12 12 12 12 12 12 
12 12 12 12 12 12 
12 12 12 12 12 12 
12 12 12 12 12 12 
12 12 12 12 12 12 
12 12 12 12 12 12 
12 12 12 12 12 12 
12 12 12 12 12 12 
12 12 12 12 12 12 
12 12 12 12 12 12 
12 12 12 12 12 12 
12 12 12 12 12 12 
12 12 12 12 12 12 
12 12 12 12 12 12 
12 12 12 12 12 12 
12 12 12 12 12 12 
12 12 12 12 12 12 
12 12 12 12 12 12 
12 12 12 12 12 12 
12 12 12 12 12 12 
12 12 12 12 12 12 
12 12 12 12 12 12 
12 12 12 12 12 12 
12 12 12 12 12 12 
12 12 12 12 12 12 
12 12 12 12 12 12 
12 12 12 12 12 12 
12 12 12 12 12 12 
12 12 12 12 12 12 
12 12 12 12 12 12 
12 12 12 12 12 12 
12 12 12 12 12 12 
12 12 12 12 12 12 
12 12 12 12 12 12 
12 12 12 12 12 12 
12 12 12 12 12 12 
12 12 12 12 12 12 
12 12 12 12 12 12 
12 12 12 12 12 12 
12 12 12 12 12 12 
12 12 12 12 12 12 
12 12 12 12 12 12 
12 12 12 12 12 12 
12 12 12 12 12 12 
12 12 12 12 12 12 
12 12 12 12 12 12 
12 12 12 12 12 12 
12 12 12 12 12 12 
12 12 12 12 12 12 
12 12 12 12 12 12 
12 12 12 12 12 12 
12 12 12 12 12 12 
12 12 12 12 12 12 
12 12 12 12 12 12 
12 12 12 12 12 12 
12 12 12 12 12 12 
12 12 12 12 12 12 
12 12 12 12 12 12 
12 12 12 12 12 12 
12 12 12 12 12 12 
12 12 12 12 12 12 
12 12 12 12 12 12 
12 12 12 12 12 12 
12 12 12 12 12 12 
12 12 12 12 12 12 
12 12 12 12 12 12 
12 12 12 12 12 12 
12 12 12 12 12 12 
12 12 12 12 12 12 
12 12 12 12 12 12 
12 12 12 12 12 12 
12 12 12 12 12 12 
12 12 12 12 12 12 
12 12 12 12 12 12 
12 12 12 12 12 12 
12 12 12 12 12 12 
12 12 12 12 12 12 
12 12 12 12 12 12 
12 12 12 12 12 12 
12 12 12 12 12 12 
12 12 12 12 12 12 
12 12 12 12 12 12 
12 12 12 12 12 12 
12 12 12 12 12 12 
12 12 12 12 12 12 
12 12 12 12 12 12 
12 12 12 12 12 12 
12 12 12 12 12 12 
12 12 12 12 12 12 
12 12 12 12 12 12 
12 12 12 12 12 12 
12 12 12 12 12 12 
12 12 12 12 12 12 
12 12 12 12 12 12 
12 12 12 12 12 12 
12 12 12 12 12 12 
12 12 12 12 12 12 
12 12 12 12 12 12 
12 12 12 12 12 12 
12 12 12 12 12 12 
12 12 12 12 12 12 
12 12 12 12 12 12 
12 12 12 12 12 12 
12 12 12 12 12 12 
12 12 12 12 12 12 
12 12 12 12 12 12 
12 12 12 12 12 12 
12 12 12 12 12 12 
12 12 12 12 12 12 
12 12 12 12 12 12 
12 12 12 12 12 12 
12 12 12 12 12 12 
12 12 12 12 12 12 
12 12 12 12 12 12 
12 12 12 12 12 12 
12 12 12 12 12 12 
12 12 12 12 12 12 
12 12 12 12 12 12 
12 12 12 12 12 12 
12 12 12 12 12 12 
12 12 12 12 12 12 
12 12 12 12 12 12 
12 12 12 12 12 12 
12 12 12 12 12 12 
12 12 12 12 12 12 
12 12 12 12 12 12 
12 12 12 12 12 12 
12 12 12 12 12 12 
12 12 12 12 12 12 
12 12 12 12 12 12 
12 12 12 12 12 12 
12 12 12 12 12 12 
12 12 12 12 12 12 
12 12 12 12 12 12 
12 12 12 12 12 12 
12 12 12 12 12 12 
12 12 12 12 12 12 
12 12 12 12 12 12 
12 12 12 12 12 12 
12 12 12 12 12 12 
12 12 12 12 12 12 
12 12 12 12 12 12 
12 12 12 12 12 12 
12 12 12 12 12 12 
12 12 12 12 12 12 
12 12 12 12 12 12 
12 12 12 12 12 12 
12 12 12 12 12 12 
12 12 12 12 12 12 
12 12 12 12 12 12 
12 12 12 12 12 12 
12 12 12 12 12 12 
12 12 12 12 12 12 
12 12 12 12 12 12 
12 12 12 12 12 12 
12 12 12 12 12 12 
12 12 12 12 12 12 
12 12 12 12 12 12 
12 12 12 12 12 12 
12 12 12 12 12 12 
12 12 12 12 12 12 
12 12 12 12 12 12 
12 12 12 12 12 12 
12 12 12 12 12 12 
12 12 12 12 12 12 
12 12 12 12 12 12 
12 12 12 12 12 12 
12 12 12 12 12 12 
12 12 12 12 12 12 
12 12 12 12 12 12 
12 12 12 12 12 12 
12 12 12 12 12 12 
12 12 12 12 12 12 
12 12 12 12 12 12 
12 12 12 12 12 12 
12 12 12 12 12 12 
12 12 12 12 12 12 
12 12 12 12 12 12 
12 12 12 12 12 12 
12 12 12 12 12 12 
12 12 12 12 12 12 
12 12 12 12 12 12 
12 12 12 12 12 12 
12 12 12 12 12 12 
12 12 12 12 12 12 
12 12 12 12 12 12 
12 12 12 12 12 12 
12 12 12 12 12 12 
12 12 12 12 12 12 
12 12 12 12 12 12 
12 12 12 12 12 12 
12 12 12 12 12 12 
12 12 12 12 12 12 
12 12 12 12 12 12 
12 12 12 12 12 12 
12 12 12 12 12 12 
12 12 12 12 12 12 
12 12 12 12 12 12 
12 12 12 12 12 12 
12 12 12 12 12 12 
12 12 12 12 12 12 
12 12 12 12 12 12 
12 12 12 12 12 12 
12 12 12 12 12 12 
12 12 12 12 12 12 
12 12 12 12 12 12 
12 12 12 12 12 12 
12 12 12 12 12 12 
12 12 12 12 12 12 
12 12 12 12 12 12 
12 12 12 12 12 12 
12 12 12 12 12 12 
12 12 12 12 12 12 
12 12 12 12 12 12 
12 12 12 12 12 12 
12 12 12 12 12 12 
12 12 12 12 12 12 
12 12 12 12 12 12 
12 12 12 12 12 12 
12 12 12 12 12 12 
12 12 12 12 12 12 
12 12 12 12 12 12 
12 12 12 12 12 12 
12 12 12 12 12 12 
12 12 12 12 12 12 
12 12 12 12 12 12 
12 12 12 12 12 12 
12 12 12 12 12 12 
12 12 12 12 12 12 
12 12 12 12 12 12 
12 12 12 12 12 12 
12 12 12 12 12 12 
12 12 12 12 12 12 
12 12 12 12 12 12 
12 12 12 12 12 12 
12 12 12 12 12 12 
12 12 12 12 12 12 
12 12 12 12 12 12 
12 12 12 12 12 12 
12 12 12 12 12 12 
12 12 12 12 12 12 
12 12 12 12 12 12 
12 12 12 12 12 12 
12 12 12 12 12 12 
12 12 12 12 12 12 
12 12 12 12 12 12 
12 12 12 12 12 12 
12 12 12 12 12 12 
12 12 12 12 12 12 
12 12 12 12 12 12 
12 12 12 12 12 12 
12 12 12 12 12 12 
12 12 12 12 12 12 
12 12 12 12 12 12 
12 12 12 12 12 12 
12 12 12 12 12 12 
12 12 12 12 12 12 
12 12 12 12 12 12 
12 12 12 12 12 12 
12 12 12 12 12 12 
12 12 12 12 12 12 
12 12 12 12 12 12 
12 12 12 12 12 12 
12 12 12 12 12 12 
12 12 12 12 12 12 
12 12 12 12 12 12 
12 12 12 12 12 12 
12 12 12 12 12 12 
12 12 12 12 12 12 
12 12 12 12 12 12 
12 12 12 12 12 12 
12 12 12 12 12 12 
12 12 12 12 12 12 
12 12 12 12 12 12 
12 12 12 12 12 12 
12 12 12 12 12 12 
12 12 12 12 12 12 
12 12 12 12 12 12 
12 12 12 12 12 12 
12 12 12 12 12 12 
12 12 12 12 12 12 
12 12 12 12 12 12 
12 12 12 12 12 12 
12 12 12 12 12 12 
12 12 12 12 12 12 
12 12 12 12 12 12 
12 12 12 12 12 12 
12 12 12 12 12 12 
12 12 12 12 12 12 
12 12 12 12 12 12 
12 12 12 12 12 12 
12 12 12 12 12 12 
12 12 12 12 12 12 
12 12 12 12 12 12 
12 12 12 12 12 12 
12 12 12 12 12 12 
12 12 12 12 12 12 
12 12 12 12 12 12 
12 12 12 12 12 12 
12 12 12 12 12 12 
12 12 12 12 12 12 
12 12 12 12 12 12 
12 12 12 12 12 12 
12 12 12 12 12 12 
12 12 12 12 12 12 
12 12 12 12 12 12 
12 12 12 12 12 12 
12 12 12 12 12 12 
12 12 12 12 12 12 
12 12 12 12 12 12 
12 12 12 12 12 12 
12 12 12 12 12 12 
12 12 12 12 12 12 
12 12 12 12 12 12 
12 12 12 12 12 12 
12 12 12 12 12 12 
12 12 12 12 12 12 
12 12 12 12 12 12 
12 12 12 12 12 12 
12 12 12 12 12 12 
12 12 12 12 12 12 
12 12 12 12 12 12 
12 12 12 12 12 12 
12 12 12 12 12 12 
12 12 12 12 12 12 
12 12 12 12 12 12 
12 12 12 12 12 12 
12 12 12 12 12 12 
12 12 12 12 12 12 
12 12 12 12 12 12 
12 12 12 12 12 12 
12 12 12 12 12 12 
12 12 12 12 12 12 
12 12 12 12 12 12 
12 12 12 12 12 12 
12 12 12 12 12 12 
12 12 12 12 12 12 
12 12 12 12 12 12 
12 12 12 12 12 12 
12 12 12 12 12 12 
12 12 12 12 12 12 
12 12 12 12 12 12 
12 12 12 12 12 12 
12 12 12 12 12 12 
12 12 12 12 12 12 
12 12 12 12 12 12 
12 12 12 12 12 12 
12 12 12 12 12 12 
12 12 12 12 12 12 
12 12 12 12 12 12 
12 12 12 12 12 12 
12 12 12 12 12 12 
12 12 12 12 12 12 
12 12 12 12 12 12 
12 12 12 12 12 12 
12 12 12 12 12 12 
12 12 12 12 12 12 
12 12 12 12 12 12 
12 12 12 12 12 12 
12 12 12 12 12 12 
12 12 12 12 12 12 
12 12 12 12 12 12 
12 12 12 12 12 12 
12 12 12 12 12 12 
12 12 12 12 12 12 
12 12 12 12 12 12 
12 12 12 12 12 12 
12 12 12 12 12 12 
12 12 12 12 12 12 
12 12 12 12 12 12 
12 12 12 12 12 12 
12 12 12 12 12 12 
12 12 12 12 12 12 
12 12 12 12 12 12 
12 12 12 12 12 12 
12 12 12 12 12 12 
12 12 12 12 12 12 
12 12 12 12 12 12 
12 12 12 12 12 12 
12 12 12 12 12 12 
12 12 12 12 12 12 
12 12 12 12 12 12 
12 12 12 12 12 12 
12 12 12 12 12 12 
12 12 12 12 12 12 
12 12 12 12 12 12 
12 12 12 12 12 12 
12 12 12 12 12 12 
12 12 12 12 12 12 
12 12 12 12 12 12 
12 12 12 12 12 12 
12 12 12 12 12 12 
12 12 12 12 12 12 
12 12 12 12 12 12 
12 12 12 12 12 12 
12 12 12 12 12 12 
12 12 12 12 12 12 
12 12 12 12 12 12 
12 12 12 12 12 12 
12 12 12 12 12 12 
12 12 12 12 12 12 
12 12 12 12 12 12 
12 12 12 12 12 12 
12 12 12 12 12 12 
12 12 12 12 12 12 
12 12 12 12 12 12 
12 12 12 12 12 12 
12 12 12 12 12 12 
12 12 12 12 12 12 
12 12 12 12 12 12 
12 12 12 12 12 12 
12 12 12 12 12 12 
12 12 12 12 12 12 
12 12 12 12 12 12 
12 12 12 12 12 12 
12 12 12 12 12 12 
12 12 12 12 12 12 
12 12 12 12 12 12 
12 12 12 12 12 12 
12 12 12 12 12 12 
12 12 12 12 12 12 
12 12 12 12 12 12 
12 12 12 12 12 12 
12 12 12 12 12 12 
12 12 12 12 12 12 
12 12 12 12 12 12 
12 12 12 12 12 12 
12 12 12 12 12 12 
12 12 12 12 12 12 
12 12 12 12 12 12 
12 12 12 12 12 12 
12 12 12 12 12 12 
12 12 12 12 12 12 
12 12 12 12 12 12 
12 12 12 12 12 12 
12 12 12 12 12 12 
12 12 12 12 12 12 
12 12 12 12 12 12 
12 12 12 12 12 12 
12 12 12 12 12 12 
12 12 12 12 12 12 
12 12 12 12 12 12 
12 12 12 12 12 12 
12 12 12 12 12 12 
12 12 12 12 12 12 
12 12 12 12 12 12 
12 12 12 12 12 12 
12 12 12 12 12 12 
12 12 12 12 12 12 
12 12 12 12 12 12 
12 12 12 12 12 12 
12 12 12 12 12 12 
12 12 12 12 12 12 
12 12 12 12 12 12 
12 12 12 12 12 12 
12 12 12 12 12 12 
12 12 12 12 12 12 
12 12 12 12 12 12 
12 12 12 12 12 12 
12 12 12 12 12 12 
12 12 12 12 12 12 
12 12 12 12 12 12 
12 12 12 12 12 12 
12 12 12 12 12 12 
12 12 12 12 12 12 
12 12 12 12 12 12 
12 12 12 12 12 12 
12 12 12 12 12 12 
12 12 12 12 12 12 
12 12 12 12 12 12 
12 12 12 12 12 12 
12 12 12 12 12 12 
12 12 12 12 12 12 
12 12 12 12 12 12 
12 12 12 12 12 12 
12 12 12 12 12 12 
12 12 12 12 12 12 
12 12 12 12 12 12 
12 12 12 12 12 12 
12 12 12 12 12 12 
12 12 12 12 12 12 
12 12 12 12 12 12 
12 12 12 12 12 12 
12 12 12 12 12 12 
12 12 12 12 12 12 
12 12 12 12 12 12 
12 12 12 12 12 12 
12 12 12 12 12 12 
12 12 12 12 12 12 
12 12 12 12 12 12 
12 12 12 12 12 12 
12 12 12 12 12 12 
12 12 12 12 12 12 
12 12 12 12 12 12 
12 12 12 12 12 12 
12 12 12 12 12 12 
12 12 12 12 12 12 
12 12 12 12 12 12 
12 12 12 12 12 12 
12 12 12 12 12 12 
12 12 12 12 12 12 
12 12 12 12 12 12 
12 12 12 12 12 12 
12 12 12 12 12 12 
12 12 12 12 12 12 
12 12 12 12 12 12 
12 12 12 12 12 12 
12 12 12 12 12 12 
12 12 12 12 12 12 
12 12 12 12 12 12 
12 12 12 12 12 12 
12 12 12 12 12 12 
12 12 12 12 12 12 
12 12 12 12 12 12 
12 12 12 12 12 12 
12 12 12 12 12 12 
12 12 12 12 12 12 
12 12 12 12 12 12 
12 12 12 12 12 12 
12 12 12 12 12 12 
12 12 12 12 12 12 
12 12 12 12 12 12 
12 12 12 12 12 12 
12 12 12 12 12 12 
12 12 12 12 12 12 
12 12 12 12 12 12 
12 12 12 12 12 12 
12 12 12 12 12 12 
12 12 12 12 12 12 
12 12 12 12 12 12 
12 12 12 12 12 12 
12 12 12 12 12 12 
12 12 12 12 12 12 
12 12 12 12 12 12 
12 12 12 12 12 12 
12 12 12 12 12 12 
12 12 12 12 12 12 
12 12 12 12 12 12 
12 12 12 12 12 12 
12 12 12 12 12 12 
12 12 12 12 12 12 
12 12 12 12 12 12 
12 12 12 12 12 12 
12 12 12 12 12 12 
12 12 12 12 12 12 
12 12 12 12 12 12 
12 12 12 12 12 12 
12 12 12 12 12 12 
12 12 12 12 12 12 
12 12 12 12 12 12 
12 12 12 12 12 12 
12 12 12 12 12 12 
12 12 12 12 12 12 
12 12 12 12 12 12 
12 12 12 12 12 12 
12 12 12 12 12 12 
12 12 12 12 12 12 
12 12 12 12 12 12 
12 12 12 12 12 12 
12 12 12 12 12 12 
12 12 12 12 12 12 
12 12 12 12 12 12 
12 12 12 12 12 12 
12 12 12 12 12 12 
12 12 12 12 12 12 
12 12 12 12 12 12 
12 12 12 12 12 12 
12 12 12 12 12 12 
12 12 12 12 12 12 
12 12 12 12 12 12 
12 12 12 12 12 12 
12 12 12 12 12 12 
12 12 12 12 12 12 
12 12 12 12 12 12 
12 12 12 12 12 12 
12 12 12 12 12 12 
12 12 12 12 12 12 
12 12 12 12 12 12 
12 12 12 12 12 12 
12 12 12 12 12 12 
12 12 12 12 12 12 
12 12 12 12 12 12 
12 12 12 12 12 12 
12 12 12 12 12 12 
12 12 12 12 12 12 
12 12 12 12 12 12 
12 12 12 12 12 12 
12 12 12 12 12 12 
12 12 12 12 12 12 
12 12 12 12 12 12 
12 12 12 12 12 12 
12 12 12 12 12 12 
12 12 12 12 12 12 
12 12 12 12 12 12 
12 12 12 12 12 12 
12 12 12 12 12 12 
12 12 12 12 12 12 
12 12 12 12 12 12 
12 12 12 12 12 12 
12 12 12 12 12 12 
12 12 12 12 12 12 
12 12 12 12 12 12 
12 12 12 12 12 12 
12 12 12 12 12 12 
12 12 12 12 12 12 
12 12 12 12 12 12 
12 12 12 12 12 12 
12 12 12 12 12 12 
12 12 12 12 12 12 
12 12 12 12 12 12 
12 12 12 12 12 12 
12 12 12 12 12 12 
12 12 12 12 12 12 
12 12 12 12 12 12 
12 12 12 12 12 12 
12 12 12 12 12 12 
12 12 12 12 12 12 
12 12 12 12 12 12 
12 12 12 12 12 12 
12 12 12 12 12 12 
12 12 12 12 12 12 
12 12 12 12 12 12 
12 12 12 12 12 12 
12 12 12 12 12 12 
12 12 12 12 12 12 
12 12 12 12 12 12 
12 12 12 12 12 12 
12 12 12 12 12 12 
12 12 12 12 12 12 
12 12 12 12 12 12 
12 12 12 12 12 12 
12 12 12 12 12 12 
12 12 12 12 12 12 
12 12 12 12 12 12 
12 12 12 12 12 12 
12 12 12 12 12 12 
12 12 12 12 12 12 
12 12 12 12 12 12 
12 12 12 12 12 12 
12 12 12 12 12 12 
12 12 12 12 12 12 
12 12 12 12 12 12 
12 12 12 12 12 12 
12 12 12 12 12 12 
12 12 12 12 12 12 
12 12 12 12 12 12 
12 12 12 12 12 12 
12 12 12 12 12 12 
12 12 12 12 12 12 
12 12 12 12 12 12 
12 12 12 12 12 12 
12 12 12 12 12 12 
12 12 12 12 12 12 
12 12 12 12 12 12 
12 12 12 12 12 12 
12 12 12 12 12 12 
12 12 12 12 12 12 
12 12 12 12 12 12 
12 12 12 12 12 12 
12 12 12 12 12 12 
12 12 12 12 12 12 
12 12 12 12 12 12 
12 12 12 12 12 12 
12 12 12 12 12 12 
12 12 12 12 12 12 
12 12 12 12 12 12 
12 12 12 12 12 12 
12 12 12 12 12 12 
12 12 12 12 12 12 
12 12 12 12 12 12 
12 12 12 12 12 12 
12 12 12 12 12 12 
12 12 12 12 12 12 
12 12 12 12 12 12 
12 12 12 12 12 12 
12 12 12 12 12 12 
12 12 12 12 12 12 
12 12 12 12 12 12 
12 12 12 12 12 12 
12 12 12 12 12 12 
12 12 12 12 12 12 
12 12 12 12 12 12 
12 12 12 12 12 12 
12 12 12 12 12 12 
12 12 12 12 12 12 
12 12 12 12 12 12 
12 12 12 12 12 12 
12 12 12 12 12 12 
12 12 12 12 12 12 
12 12 12 12 12 12 
12 12 12 12 12 12 
12 12 12 12 12 12 
12 12 12 12 12 12 
12 12 12 12 12 12 
12 12 12 12 12 12 
12 12 12 12 12 12 
12 12 12 12 12 12 
12 12 12 12 12 12 
12 12 12 12 12 12 
12 12 12 12 12 12 
12 12 12 12 12 12 
12 12 12 12 12 12 
12 12 12 12 12 12 
12 12 12 12 12 12 
12 12 12 12 12 12 
12 12 12 12 12 12 
12 12 12 12 12 12 
12 12 12 12 12 12 
12 12 12 12 12 12 
12 12 12 12 12 12 
12 12 12 12 12 12 
12 12 12 12 12 12 
12 12 12 12 12 12 
12 12 12 12 12 12 
12 12 12 12 12 12 
12 12 12 12 12 12 
12 12 12 12 12 12 
12 12 12 12 12 12 
12 12 12 12 12 12 
12 12 12 12 12 12 
12 12 12 12 12 12 
12 12 12 12 12 12 
12 12 12 12 12 12 
12 12 12 12 12 12 
12 12 12 12 12 12 
12 12 12 12 12 12 
12 12 12 12 12 12 
12 12 12 12 12 12 
12 12 12 12 12 12 
12 12 12 12 12 12 
12 12 12 12 12 12 
12 12 12 12 12 12 
12 12 12 12 12 12 
12 12 12 12 12 12 
12 12 12 12 12 12 
12 12 12 12 12 12 
12 12 12 12 12 12 
12 12 12 12 12 12 
12 12 12 12 12 12 
12 12 12 12 12 12 
12 12 12 12 12 12 
12 12 12 12 12 12 
12 12 12 12 12 12 
12 12 12 12 12 12 
12 12 12 12 12 12 
12 12 12 12 12 12 
12 12 12 12 12 12 
12 12 12 12 12 12 
12 12 12 12 12 12 
12 12 12 12 12 12 
12 12 12 12 12 12 
12 12 12 12 12 12 
12 12 12 12 12 12 
12 12 12 12 12 12 
12 12 12 12 12 12 
12 12 12 12 12 12 
12 12 12 12 12 12 
12 12 12 12 12 12 
12 12 12 12 12 12 
12 12 12 12 12 12 
12 12 12 12 12 12 
12 12 12 12 12 12 
12 12 12 12 12 12 
12 12 12 12 12 12 
12 12 12 12 12 12 
12 12 12 12 12 12 
12 12 12 12 12 12 
12 12 12 12 12 12 
12 12 12 12 12 12 
12 12 12 12 12 12 
12 12 12 12 12 12 
12 12 12 12 12 12 
12 12 12 12 12 12 
12 12 12 12 12 12 
12 12 12 12 12 12 
12 12 12 12 12 12 
12 12 12 12 12 12 
12 12 12 12 12 12 
12 12 12 12 12 12 
12 12 12 12 12 12 
12 12 12 12 12 12 
12 12 12 12 12 12 
12 12 12 12 12 12 
12 12 12 12 12 12 
12 12 12 12 12 12 
12 12 12 12 12 12 
12 12 12 12 12 12 
12 12 12 12 12 12 
12 12 12 12 12 12 
12 12 12 12 12 12 
12 12 12 12 12 12 
12 12 12 12 12 12 
12 12 12 12 12 12 
12 12 12 12 12 12 
12 12 12 12 12 12 
12 12 12 12 12 12 
12 12 12 12 12 12 
12 12 12 12 12 12 
12 12 12 12 12 12 
12 12 12 12 12 12 
12 12 12 12 12 12 
12 12 12 12 12 12 
12 12 12 12 12 12 
12 12 12 12 12 12 
12 12 12 12 12 12 
12 12 12 12 12 12 
12 12 12 12 12 12 
12 12 12 12 12 12 
12 12 12 12 12 12 
12 12 12 12 12 12 
12 12 12 12 12 12 
12 12 12 12 12 12 
12 12 12 12 12 12 
12 12 12 12 12 12 
12 12 12 12 12 12 
12 12 12 12 12 12 
12 12 12 12 12 12 
12 12 12 12 12 12 
12 12 12 12 12 12 
12 12 12 12 12 12 
12 12 12 12 12 12 
12 12 12 12 12 12 
12 12 12 12 12 12 
12 12 12 12 12 12 
12 12 12 12 12 12 
12 12 12 12 12 12 
12 12 12 12 12 12 
12 12 12 12 12 12 
12 12 12 12 12 12 
12 12 12 12 12 12 
12 12 12 12 12 12 
12 12 12 12 12 12 
12 12 12 12 12 12 
12 12 12 12 12 12 
12 12 12 12 12 12 
12 12 12 12 12 12 
12 12 12 12 12 12 
12 12 12 12 12 12 
12 12 12 12 12 12 
12 12 12 12 12 12 
12 12 12 12 12 12 
12 12 12 12 12 12 
12 12 12 12 12 12 
12 12 12 12 12 12 
12 12 12 12 12 12 
12 12 12 12 12 12 
12 12 12 12 12 12 
12 12 12 12 12 12 
12 12 12 12 12 12 
12 12 12 12 12 12 
12 12 12 12 12 12 
12 12 12 12 12 12 
12 12 12 12 12 12 
12 12 12 12 12 12 
12 12 12 12 12 12 
12 12 12 12 12 12 
12 12 12 12 12 12 
12 12 12 12 12 12 
12 12 12 12 12 12 
12 12 12 12 12 12 
12 12 12 12 12 12 
12 12 12 12 12 12 
12 12 12 12 12 12 
12 12 12 12 12 12 
12 12 12 12 12 12 
12 12 12 12 12 12 
12 12 12 12 12 12 
12 12 12 12 12 12 
12 12 12 12 12 12 
12 12 12 12 12 12 
12 12 12 12 12 12 
12 12 12 12 12 12 
12 12 12 12 12 12 
12 12 12 12 12 12 
12 12 12 12 12 12 
12 12 12 12 12 12 
12 12 12 12 12 12 
12 12 12 12 12 12 
12 12 12 12 12 12 
12 12 12 12 12 12 
12 12 12 12 12 12 
12 12 12 12 12 12 
12 12 12 12 12 12 
12 12 12 12 12 12 
12 12 12 12 12 12 
12 12 12 12 12 12 
12 12 12 12 12 12 
12 12 12 12 12 12 
12 12 12 12 12 12 
12 12 12 12 12 12 
12 12 12 12 12 12 
12 12 12 12 12 12 
12 12 12 12 12 12 
12 12 12 12 12 12 
12 12 12 12 12 12 
12 12 12 12 12 12 
12 12 12 12 12 12 
12 12 12 12 12 12 
12 12 12 12 12 12 
12 12 12 12 12 12 
12 12 12 12 12 12 
12 12 12 12 12 12 
12 12 12 12 12 12 
12 12 12 12 12 12 
12 12 12 12 12 12 
12 12 12 12 12 12 
12 12 12 12 12 12 
12 12 12 12 12 12 
12 12 12 12 12 12 
12 12 12 12 12 12 
12 12 12 12 12 12 
12 12 12 12 12 12 
12 12 12 12 12 12 
12 12 12 12 12 12 
12 12 12 12 12 12 
12 12 12 12 12 12 
12 12 12 12 12 12 
12 12 12 12 12 12 
12 12 12 12 12 12 
12 12 12 12 12 12 
12 12 12 12 12 12 
12 12 12 12 12 12 
12 12 12 12 12 12 
12 12 12 12 12 12 
12 12 12 12 12 12 
12 12 12 12 12 12 
12 12 12 12 12 12 
12 12 12 12 12 12 
12 12 12 12 12 12 
12 12 12 12 12 12 
12 12 12 12 12 12 
12 12 12 12 12 12 
12 12 12 12 12 12 
12 12 12 12 12 12 
12 12 12 12 12 12 
12 12 12 12 12 12 
12 12 12 12 12 12 
12 12 12 12 12 12 
12 12 12 12 12 12 
12 12 12 12 12 12 
12 12 12 12 12 12 
12 12 12 12 12 12 
12 12 12 12 12 12 
12 12 12 12 12 12 
12 12 12 12 12 12 
12 12 12 12 12 12 
12 12 12 12 12 12 
12 12 12 12 12 12 
12 12 12 12 12 12 
12 12 12 12 12 12 
12 12 12 12 12 12 
12 12 12 12 12 12 
12 12 12 12 12 12 
12 12 12 12 12 12 
12 12 12 12 12 12 
12 12 12 12 12 12 
12 12 12 12 12 12 
12 12 12 12 12 12 
12 12 12 12 12 12 
12 12 12 12 12 12 
12 12 12 12 12 12 
12 12 12 12 12 12 
12 12 12 12 12 12 
12 12 12 12 12 12 
12 12 12 12 12 12 
12 12 12 12 12 12 
12 12 12 12 12 12 
12 12 12 12 12 12 
12 12 12 12 12 12 
12 12 12 12 12 12 
12 12 12 12 12 12 
12 12 12 12 12 12 
12 12 12 12 12 12 
12 12 12 12 12 12 
12 12 12 12 12 12 
12 12 12 12 12 12 
12 12 12 12 12 12 
12 12 12 12 12 12 
12 12 12 12 12 12 
12 12 12 12 12 12 
12 12 12 12 12 12 
12 12 12 12 12 12 
12 12 12 12 12 12 
12 12 12 12 12 12 
12 12 12 12 12 12 
12 12 12 12 12 12 
12 12 12 12 12 12 
12 12 12 12 12 12 
12 12 12 12 12 12 
12 12 12 12 12 12 
12 12 12 12 12 12 
12 12 12 12 12 12 
12 12 12 12 12 12 
12 12 12 12 12 12 
12 12 12 12 12 12 
12 12 12 12 12 12 
12 12 12 12 12 12 
12 12 12 12 12 12 
12 12 12 12 12 12 
12 12 12 12 12 12 
12 12 12 12 12 12 
12 12 12 12 12 12 
12 12 12 12 12 12 
12 12 12 12 12 12 
12 12 12 12 12 12 
12 12 12 12 12 12 
12 12 12 12 12 12 
12 12 12 12 12 12 
12 12 12 12 12 12 
12 12 12 12 12 12 
12 12 12 12 12 12 
12 12 12 12 12 12 
12 12 12 12 12 12 
12 12 12 12 12 12 
12 12 12 12 12 12 
12 12 12 12 12 12 
12 12 12 12 12 12 
12 12 12 12 12 12 
12 12 12 12 12 12 
12 12 12 12 12 12 
12 12 12 12 12 12 
12 12 12 12 12 12 
12 12 12 12 12 12 
12 12 12 12 12 12 
12 12 12 12 12 12 
12 12 12 12 12 12 
12 12 12 12 12 12 
12 12 12 12 12 12 
12 12 12 12 12 12 
12 12 12 12 12 12 
12 12 12 12 12 12 
12 12 12 12 12 12 
12 12 12 12 12 12 
12 12 12 12 12 12 
12 12 12 12 12 12 
12 12 12 12 12 12 
12 12 12 12 12 12 
12 12 12 12 12 12 
12 12 12 12 12 12 
12 12 12 12 12 12 
12 12 12 12 12 12 
12 12 12 12 12 12 
12 12 12 12 12 12 
12 12 12 12 12 12 
12 12 12 12 12 12 
12 12 12 12 12 12 
12 12 12 12 12 12 
12 12 12 12 12 12 
12 12 12 12 12 12 
12 12 12 12 12 12 
12 12 12 12 12 12 
12 12 12 12 12 12 
12 12 12 12 12 12 
12 12 12 12 12 12 
12 12 12 12 12 12 
12 12 12 12 12 12 
12 12 12 12 12 12 
12 12 12 12 12 12 
12 12 12 12 12 12 
12 12 12 12 12 12 
12 12 12 12 12 12 
12 12 12 12 12 12 
12 12 12 12 12 12 
12 12 12 12 12 12 
12 12 12 12 12 12 
12 12 12 12 12 12 
12 12 12 12 12 12 
12 12 12 12 12 12 
12 12 12 12 12 12 
12 12 12 12 12 12 
12 12 12 12 12 12 
12 12 12 12 12 12 
12 12 12 12 12 12 
12 12 12 12 12 12 
12 12 12 12 12 12 
12 12 12 12 12 12 
12 12 12 12 12 12 
12 12 12 12 12 12 
12 12 12 12 12 12 
12 12 12 12 12 12 
12 12 12 12 12 12 
12 12 12 12 12 12 
12 12 12 12 12 12 
12 12 12 12 12 12 
12 12 12 12 12 12 
12 12 12 12 12 12 
12 12 12 12 12 12 
12 12 12 12 12 12 
12 12 12 12 12 12 
12 12 12 12 12 12 
12 12 12 12 12 12 
12 12 12 12 12 12 
12 12 12 12 12 12 
12 12 12 12 12 12 
12 12 12 12 12 12 
12 12 12 12 12 12 
12 12 12 12 12 12 
12 12 12 12 12 12 
12 12 12 12 12 12 
12 12 12 12 12 12 
12 12 12 12 12 12 
12 12 12 12 12 12 
12 12 12 12 12 12 
12 12 12 12 12 12 
12 12 12 12 12 12 
12 12 12 12 12 12 
12 12 12 12 12 12 
12 12 12 12 12 12 
12 12 12 12 12 12 
12 12 12 12 12 12 
12 12 12 12 12 12 
12 12 12 12 12 12 
12 12 12 12 12 12 
12 12 12 12 12 12 
12 12 12 12 12 12 
12 12 12 12 12 12 
12 12 12 12 12 12 
12 12 12 12 12 12 
12 12 12 12 12 12 
12 12 12 12 12 12 
12 12 12 12 12 12 
12 12 12 12 12 12 
12 12 12 12 12 12 
12 12 12 12 12 12 
12 12 12 12 12 12 
12 12 12 12 12 12 
12 12 12 12 12 12 
12 12 12 12 12 12 
12 12 12 12 12 12 
12 12 12 12 12 12 
12 12 12 12 12 12 
12 12 12 12 12 12 
12 12 12 12 12 12 
12 12 12 12 12 12 
12 12 12 12 12 12 
12 12 12 12 12 12 
12 12 12 12 12 12 
12 12 12 12 12 12 
12 12 12 12 12 12 
12 12 12 12 12 12 
12 12 12 12 12 12 
12 12 12 12 12 12 
12 12 12 12 12 12 
12 12 12 12 12 12 
12 12 12 12 12 12 
12 12 12 12 12 12 
12 12 12 12 12 12 
12 12 12 12 12 12 
12 12 12 12 12 12 
12 12 12 12 12 12 
12 12 12 12 12 12 
12 12 12 12 12 12 
12 12 12 12 12 12 
12 12 12 12 12 12 
12 12 12 12 12 12 
12 12 12 12 12 12 
12 12 12 12 12 12 
12 12 12 12 12 12 
12 12 12 12 12 12 
12 12 12 12 12 12 
12 12 12 12 12 12 
12 12 12 12 12 12 
12 12 12 12 12 12 
12 12 12 12 12 12 
12 12 12 12 12 12 
12 12 12 12 12 12 
12 12 12 12 12 12 
12 12 12 12 12 12 
12 12 12 12 12 12 
12 12 12 12 12 12 
12 12 12 12 12 12 
12 12 12 12 12 12 
12 12 12 12 12 12 
12 12 12 12 12 12 
12 12 12 12 12 12 
12 12 12 12 12 12 
12 12 12 12 12 12 
12 12 12 12 12 12 
12 12 12 12 12 12 
12 12 12 12 12 12 
12 12 12 12 12 12 
12 12 12 12 12 12 
12 12 12 12 12 12 
12 12 12 12 12 12 
12 12 12 12 12 12 
12 12 12 12 12 12 
12 12 12 12 12 12 
12 12 12 12 12 12 
12 12 12 12 12 12 
12 12 12 12 12 12 
12 12 12 12 12 12 
12 12 12 12 12 12 
12 12 12 12 12 12 
12 12 12 12 12 12 
12 12 12 12 12 12 
12 12 12 12 12 12 
12 12 12 12 12 12 
12 12 12 12 12 12 
12 12 12 12 12 12 
12 12 12 12 12 12 
12 12 12 12 12 12 
12 12 12 12 12 12 
12 12 12 12 12 12 
12 12 12 12 12 12 
12 12 12 12 12 12 
12 12 12 12 12 12 
12 12 12 12 12 12 
12 12 12 12 12 12 
12 12 12 12 12 12 
12 12 12 12 12 12 
12 12 12 12 12 12 
12 12 12 12 12 12 
12 12 12 12 12 12 
12 12 12 12 12 12 
12 12 12 12 12 12 
12 12 12 12 12 12 
12 12 12 12 12 12 
12 12 12 12 12 12 
12 12 12 12 12 12 
12 12 12 12 12 12 
12 12 12 12 12 12 
12 12 12 12 12 12 
12 12 12 12 12 12 
12 12 12 12 12 12 
12 12 12 12 12 12 
12 12 12 12 12 12 
12 12 12 12 12 12 
12 12 12 12 12 12 
12 12 12 12 12 12 
12 12 12 12 12 12 
12 12 12 12 12 12 
12 12 12 12 12 12 
12 12 12 12 12 12 
12 12 12 12 12 12 
12 12 12 12 12 12 
12 12 12 12 12 12 
12 12 12 12 12 12 
12 12 12 12 12 12 
12 12 12 12 12 12 
12 12 12 12 12 12 
12 12 12 12 12 12 
12 12 12 12 12 12 
12 12 12 12 12 12 
12 12 12 12 12 12 
12 12 12 12 12 12 
12 12 12 12 12 12 
12 12 12 12 12 12 
12 12 12 12 12 12 
12 12 12 12 12 12 
12 12 12 12 12 12 
12 12 12 12 12 12 
12 12 12 12 12 12 
12 12 12 12 12 12 
12 12 12 12 12 12 
12 12 12 12 12 12 
12 12 12 12 12 12 
12 12 12 12 12 12 
12 12 12 12 12 12 
12 12 12 12 12 12 
12 12 12 12 12 12 
12 12 12 12 12 12 
12 12 12 12 12 12 
12 12 12 12 12 12 
12 12 12 12 12 12 
12 12 12 12 12 12 
12 12 12 12 12 12 
12 12 12 12 12 12 
12 12 12 12 12 12 
12 12 12 12 12 12 
12 12 12 12 12 12 
12 12 12 12 12 12 
12 12 12 12 12 12 
12 12 12 12 12 12 
12 12 12 12 12 12 
12 12 12 12 12 12 
12 12 12 12 12 12 
12 12 12 12 12 12 
12 12 12 12 12 12 
12 12 12 12 12 12 
12 12 12 12 12 12 
12 12 12 12 12 12 
12 12 12 12 12 12 
12 12 12 12 12 12 
12 12 12 12 12 12 
12 12 12 12 12 12 
12 12 12 12 12 12 
12 12 12 12 12 12 
12 12 12 12 12 12 
12 12 12 12 12 12 
12 12 12 12 12 12 
12 12 12 12 12 12 
12 12 12 12 12 12 
12 12 12 12 12 12 
12 12 12 12 12 12 
12 12 12 12 12 12 
12 12 12 12 12 12 
12 12 12 12 12 12 
12 12 12 12 12 12 
12 12 12 12 12 12 
12 12 12 12 12 12 
12 12 12 12 12 12 
12 12 12 12 12 12 
12 12 12 12 12 12 
12 12 12 12 12 12 
12 12 12 12 12 12 
12 12 12 12 12 12 
12 12 12 12 12 12 
12 12 12 12 12 12 
12 12 12 12 12 12 
12 12 12 12 12 12 
12 12 12 12 12 12 
12 12 12 12 12 12 
12 12 12 12 12 12 
12 12 12 12 12 12 
12 12 12 12 12 12 
12 12 12 12 12 12 
12 12 12 12 12 12 
12 12 12 12 12 12 
12 12 12 12 12 12 
12 12 12 12 12 12 
12 12 12 12 12 12 
12 12 12 12 12 12 
12 12 12 12 12 12 
12 12 12 12 12 12 
12 12 12 12 12 12 
12 12 12 12 12 12 
12 12 12 12 12 12 
12 12 12 12 12 12 
12 12 12 12 12 12 
12 12 12 12 12 12 
12 12 12 12 12 12 
12 12 12 12 12 12 
12 12 12 12 12 12 
12 12 12 12 12 12 
12 12 12 12 12 12 
12 12 12 12 12 12 
12 12 12 12 12 12 
12 12 12 12 12 12 
12 12 12 12 12 12 
12 12 12 12 12 12 
12 12 12 12 12 12 
12 12 12 12 12 12 
12 12 12 12 12 12 
12 12 12 12 12 12 
12 12 12 12 12 12 
12 12 12 12 12 12 
12 12 12 12 12 12 
12 12 12 12 12 12 
12 12 12 12 12 12 
12 12 12 12 12 12 
12 12 12 12 12 12 
12 12 12 12 12 12 
12 12 12 12 12 12 
12 12 12 12 12 12 
12 12 12 12 12 12 
12 12 12 12 12 12 
12 12 12 12 12 12 
12 12 12 12 12 12 
12 12 12 12 12 12 
12 12 12 12 12 12 
12 12 12 12 12 12 
12 12 12 12 12 12 
12 12 12 12 12 12 
12 12 12 12 12 12 
12 12 12 12 12 12 
12 12 12 12 12 12 
12 12 12 12 12 12 
12 12 12 12 12 12 
12 12 12 12 12 12 
12 12 12 12 12 12 
12 12 12 12 12 12 
12 12 12 12 12 12 
12 12 12 12 12 12 
12 12 12 12 12 12 
12 12 12 12 12 12 
12 12 12 12 12 12 
12 12 12 12 12 12 
12 12 12 12 12 12 
12 12 12 12 12 12 
12 12 12 12 12 12 
12 12 12 12 12 12 
12 12 12 12 12 12 
12 12 12 12 12 12 
12 12 12 12 12 12 
12 12 12 12 12 12 
12 12 12 12 12 12 
12 12 12 12 12 12 
12 12 12 12 12 12 
12 12 12 12 12 12 
12 12 12 12 12 12 
12 12 12 12 12 12 
12 12 12 12 12 12 
12 12 12 12 12 12 
12 12 12 12 12 12 
12 12 12 12 12 12 
12 12 12 12 12 12 
12 12 12 12 12 12 
12 12 12 12 12 12 
12 12 12 12 12 12 
12 12 12 12 12 12 
12 12 12 12 12 12 
12 12 12 12 12 12 
12 12 12 12 12 12 
12 12 12 12 12 12 
12 12 12 12 12 12 
12 12 12 12 12 12 
12 12 12 12 12 12 
12 12 12 12 12 12 
12 12 12 12 12 12 
12 12 12 12 12 12 
12 12 12 12 12 12 
12 12 12 12 12 12 
12 12 12 12 12 12 
12 12 12 12 12 12 
12 12 12 12 12 12 
12 12 12 12 12 12 
12 12 12 12 12 12 
12 12 12 12 12 12 
12 12 12 12 12 12 
12 12 12 12 12 12 
12 12 12 12 12 12 
12 12 12 12 12 12 
12 12 12 12 12 12 
12 12 12 12 12 12 
12 12 12 12 12 12 
12 12 12 12 12 12 
12 12 12 12 12 12 
12 12 12 12 12 12 
12 12 12 12 12 12 
12 12 12 12 12 12 
12 12 12 12 12 12 
12 12 12 12 12 12 
12 12 12 12 12 12 
12 12 12 12 12 12 
12 12 12 12 12 12 
12 12 12 12 12 12 
12 12 12 12 12 12 
12 12 12 12 12 12 
12 12 12 12 12 12 
12 12 12 12 12 12 
12 12 12 12 12 12 
12 12 12 12 12 12 
12 12 12 12 12 12 
12 12 12 12 12 12 
12 12 12 12 12 12 
12 12 12 12 12 12 
12 12 12 12 12 12 
12 12 12 12 12 12 
12 12 12 12 12 12 
12 12 12 12 12 12 
12 12 12 12 12 12 
12 12 12 12 12 12 
12 12 12 12 12 12 
12 12 12 12 12 12 
12 12 12 12 12 12 
12 12 12 12 12 12 
12 12 12 12 12 12 
12 12 12 12 12 12 
12 12 12 12 12 12 
12 12 12 12 12 12 
12 12 12 12 12 12 
12 12 12 12 12 12 
12 12 12 12 12 12 
att
1 1 1 0 0 0 
1 1 1 0 0 0 
1 1 0 0 0 0 
0 0 1 0 0 0 
0 1 1 0 0 0 
0 0 1 0 0 0 
1 0 1 0 0 0 
0 0 0 1 1 1 
0 0 0 1 1 1 
0 0 0 1 1 0 
0 0 0 1 1 1 
0 0 0 1 1 0 
0 0 0 1 1 0 
0 0 0 1 0 1 
0 0 0 1 1 1 
0 0 0 1 0 1 
0 0 0 1 0 1 
0 0 0 1 1 1 
0 0 0 1 1 0 
0 0 0 1 1 0 
