nbServi = 6 ;
nbVehi = 20 ;
nbCust = 70 ;
nbSynch = 30 ;
e
0 345 268 247 393 254 184 434 46 298 148 409 73 157 63 282 274 152 222 276 29 416 332 190 59 434 239 178 473 477 422 85 454 0 286 323 435 129 420 315 434 295 20 37 417 117 432 60 288 100 77 412 93 476 135 456 145 398 469 344 164 240 151 286 363 118 396 308 274 425 128 259 436 295 418 402 327 312 211 201 437 8 282 161 228 165 149 299 215 439 330 57 366 374 220 173 425 301 121 476 330 
l
600 465 388 367 513 374 304 554 166 418 268 529 193 277 183 402 394 272 342 396 149 536 452 310 179 554 359 298 593 597 542 205 574 120 406 443 555 249 540 435 554 415 140 157 537 237 552 180 408 220 197 532 213 596 255 576 265 518 589 464 284 360 271 406 483 238 516 428 394 545 248 379 556 415 538 522 447 432 331 321 557 128 402 281 348 285 269 419 335 559 450 177 486 494 340 293 545 421 241 596 450 
cx
85 47 54 34 78 69 17 62 92 96 76 10 74 98 37 5 0 63 89 75 15 77 77 20 0 52 76 36 58 4 0 86 98 8 65 59 15 22 92 1 88 41 85 79 59 17 74 53 1 36 74 94 94 8 3 67 51 57 77 50 8 90 16 21 34 28 50 95 64 16 88 11 63 79 92 94 23 1 57 7 49 57 83 91 88 77 42 96 70 95 40 35 98 28 2 91 38 5 81 9 0 
cy
46 7 33 38 2 17 32 17 18 45 44 41 36 29 18 48 33 13 24 0 4 39 19 22 40 8 0 26 31 18 16 25 0 20 46 19 39 8 24 36 41 39 28 19 47 48 8 12 26 47 39 11 9 48 48 34 11 2 49 25 15 34 16 20 1 15 48 17 36 49 3 42 20 1 3 10 5 3 42 29 6 3 18 21 8 3 35 29 36 8 41 8 14 28 36 21 26 39 13 31 0 
s
1 1 1 1 1 1 
0 0 0 1 0 0 
0 0 0 0 1 0 
0 1 0 0 0 0 
0 0 0 1 0 0 
0 0 1 0 0 0 
0 0 0 0 1 0 
0 0 1 0 0 0 
0 0 0 0 1 0 
0 0 0 0 1 0 
0 0 0 0 1 0 
0 1 0 0 0 0 
0 1 0 0 0 0 
0 1 0 0 0 0 
0 0 0 1 0 0 
1 0 0 0 0 0 
0 0 0 0 1 0 
0 0 1 0 0 0 
1 0 0 0 0 0 
1 0 0 0 0 0 
0 0 0 0 0 1 
0 0 1 0 0 0 
0 0 1 0 0 0 
0 0 0 0 1 0 
0 0 0 0 0 1 
0 0 1 0 0 0 
0 0 0 0 0 1 
0 0 0 0 1 0 
0 0 0 0 0 1 
0 0 0 1 0 0 
0 0 1 0 0 0 
0 1 0 0 0 0 
0 0 0 0 1 0 
1 0 0 0 0 0 
0 0 0 0 1 0 
0 0 0 0 0 1 
0 0 0 1 0 0 
0 0 0 1 0 0 
1 0 0 0 0 0 
0 0 0 1 0 0 
0 0 1 0 0 0 
0 1 0 0 0 0 
0 0 1 0 0 0 
0 1 0 0 0 0 
0 0 0 1 0 0 
0 0 0 1 0 0 
1 0 0 0 0 0 
1 0 0 0 0 0 
1 0 0 0 0 0 
0 0 0 0 1 0 
0 0 0 0 0 1 
0 0 0 0 1 0 
0 0 0 1 0 0 
0 0 1 0 0 0 
0 0 0 1 0 0 
1 0 0 0 0 0 
0 1 0 0 0 0 
0 0 1 0 0 0 
0 1 0 0 0 0 
0 0 1 0 0 0 
0 0 1 0 0 0 
1 0 0 0 0 0 
0 1 0 0 0 0 
0 0 0 0 1 0 
0 0 0 1 0 0 
0 0 0 0 1 0 
1 0 0 0 0 0 
0 0 1 0 0 0 
0 0 0 0 1 0 
0 0 0 0 0 1 
0 0 1 0 0 0 
0 0 0 1 1 0 
0 0 0 1 0 1 
0 0 0 1 0 1 
0 0 0 1 0 1 
0 0 0 1 0 1 
0 0 0 1 1 0 
0 0 0 0 1 1 
0 0 0 1 0 1 
0 0 0 1 1 0 
0 0 0 1 1 0 
0 0 0 1 1 0 
0 0 0 1 1 0 
0 0 0 0 1 1 
0 0 0 0 1 1 
0 0 0 1 1 0 
1 0 0 0 1 0 
0 0 1 0 0 1 
0 0 1 1 0 0 
0 0 1 0 1 0 
1 0 0 0 1 0 
0 0 1 1 0 0 
1 0 0 0 1 0 
0 1 0 0 0 1 
1 0 0 0 1 0 
0 0 1 0 1 0 
0 1 0 0 1 0 
0 1 0 0 1 0 
0 0 1 0 1 0 
0 0 1 0 0 1 
1 0 0 1 0 0 
delta
14 28 
24 48 
36 72 
38 76 
46 92 
10 20 
27 54 
16 32 
51 102 
8 16 
36 72 
9 18 
27 54 
34 68 
10 20 
53 106 
27 54 
50 100 
7 14 
49 98 
13 26 
9 18 
60 120 
26 52 
60 120 
54 108 
40 80 
16 32 
57 114 
35 70 
60 120 
6 12 
49 98 
28 56 
4 8 
4 8 
19 38 
46 92 
19 38 
50 100 
15 30 
19 38 
56 112 
46 92 
28 56 
24 48 
30 60 
24 48 
7 14 
49 98 
53 106 
20 40 
40 80 
55 110 
15 30 
24 48 
26 52 
46 92 
55 110 
18 36 
56 112 
29 58 
58 116 
7 14 
58 116 
25 50 
55 110 
36 72 
27 54 
33 66 
30 60 
0 0 
0 0 
0 0 
0 0 
0 0 
0 0 
0 0 
0 0 
0 0 
0 0 
0 0 
0 0 
0 0 
0 0 
0 0 
8 16 
30 60 
47 94 
6 12 
17 34 
22 44 
60 120 
35 70 
50 100 
38 76 
43 86 
54 108 
41 82 
60 120 
32 64 
p
0 0 0 0 0 0 
0 0 0 0 0 0 
0 0 0 0 0 0 
0 0 0 0 0 0 
0 0 0 0 0 0 
0 0 0 0 0 0 
0 0 0 0 0 0 
0 0 0 0 0 0 
0 0 0 0 0 0 
0 0 0 0 0 0 
0 0 0 0 0 0 
0 0 0 0 0 0 
0 0 0 0 0 0 
0 0 0 0 0 0 
0 0 0 0 0 0 
0 0 0 0 0 0 
0 0 0 0 0 0 
0 0 0 0 0 0 
0 0 0 0 0 0 
0 0 0 0 0 0 
14 14 14 14 14 14 
14 14 14 14 14 14 
14 14 14 14 14 14 
14 14 14 14 14 14 
14 14 14 14 14 14 
14 14 14 14 14 14 
14 14 14 14 14 14 
14 14 14 14 14 14 
14 14 14 14 14 14 
14 14 14 14 14 14 
14 14 14 14 14 14 
14 14 14 14 14 14 
14 14 14 14 14 14 
14 14 14 14 14 14 
14 14 14 14 14 14 
14 14 14 14 14 14 
14 14 14 14 14 14 
14 14 14 14 14 14 
14 14 14 14 14 14 
14 14 14 14 14 14 
14 14 14 14 14 14 
14 14 14 14 14 14 
14 14 14 14 14 14 
14 14 14 14 14 14 
14 14 14 14 14 14 
14 14 14 14 14 14 
14 14 14 14 14 14 
14 14 14 14 14 14 
14 14 14 14 14 14 
14 14 14 14 14 14 
14 14 14 14 14 14 
14 14 14 14 14 14 
14 14 14 14 14 14 
14 14 14 14 14 14 
14 14 14 14 14 14 
14 14 14 14 14 14 
14 14 14 14 14 14 
14 14 14 14 14 14 
14 14 14 14 14 14 
14 14 14 14 14 14 
14 14 14 14 14 14 
14 14 14 14 14 14 
14 14 14 14 14 14 
14 14 14 14 14 14 
14 14 14 14 14 14 
14 14 14 14 14 14 
14 14 14 14 14 14 
14 14 14 14 14 14 
14 14 14 14 14 14 
14 14 14 14 14 14 
14 14 14 14 14 14 
14 14 14 14 14 14 
14 14 14 14 14 14 
14 14 14 14 14 14 
14 14 14 14 14 14 
14 14 14 14 14 14 
14 14 14 14 14 14 
14 14 14 14 14 14 
14 14 14 14 14 14 
14 14 14 14 14 14 
14 14 14 14 14 14 
14 14 14 14 14 14 
14 14 14 14 14 14 
14 14 14 14 14 14 
14 14 14 14 14 14 
14 14 14 14 14 14 
14 14 14 14 14 14 
14 14 14 14 14 14 
14 14 14 14 14 14 
14 14 14 14 14 14 
14 14 14 14 14 14 
14 14 14 14 14 14 
14 14 14 14 14 14 
14 14 14 14 14 14 
14 14 14 14 14 14 
14 14 14 14 14 14 
14 14 14 14 14 14 
14 14 14 14 14 14 
14 14 14 14 14 14 
14 14 14 14 14 14 
14 14 14 14 14 14 
14 14 14 14 14 14 
14 14 14 14 14 14 
14 14 14 14 14 14 
14 14 14 14 14 14 
14 14 14 14 14 14 
14 14 14 14 14 14 
14 14 14 14 14 14 
14 14 14 14 14 14 
14 14 14 14 14 14 
14 14 14 14 14 14 
14 14 14 14 14 14 
14 14 14 14 14 14 
14 14 14 14 14 14 
14 14 14 14 14 14 
14 14 14 14 14 14 
14 14 14 14 14 14 
14 14 14 14 14 14 
14 14 14 14 14 14 
14 14 14 14 14 14 
14 14 14 14 14 14 
14 14 14 14 14 14 
14 14 14 14 14 14 
14 14 14 14 14 14 
14 14 14 14 14 14 
14 14 14 14 14 14 
14 14 14 14 14 14 
14 14 14 14 14 14 
14 14 14 14 14 14 
14 14 14 14 14 14 
14 14 14 14 14 14 
14 14 14 14 14 14 
14 14 14 14 14 14 
14 14 14 14 14 14 
14 14 14 14 14 14 
14 14 14 14 14 14 
14 14 14 14 14 14 
14 14 14 14 14 14 
14 14 14 14 14 14 
14 14 14 14 14 14 
14 14 14 14 14 14 
14 14 14 14 14 14 
14 14 14 14 14 14 
14 14 14 14 14 14 
14 14 14 14 14 14 
14 14 14 14 14 14 
14 14 14 14 14 14 
14 14 14 14 14 14 
14 14 14 14 14 14 
14 14 14 14 14 14 
14 14 14 14 14 14 
14 14 14 14 14 14 
14 14 14 14 14 14 
14 14 14 14 14 14 
14 14 14 14 14 14 
14 14 14 14 14 14 
14 14 14 14 14 14 
14 14 14 14 14 14 
14 14 14 14 14 14 
14 14 14 14 14 14 
14 14 14 14 14 14 
14 14 14 14 14 14 
14 14 14 14 14 14 
14 14 14 14 14 14 
14 14 14 14 14 14 
14 14 14 14 14 14 
14 14 14 14 14 14 
14 14 14 14 14 14 
14 14 14 14 14 14 
14 14 14 14 14 14 
14 14 14 14 14 14 
14 14 14 14 14 14 
14 14 14 14 14 14 
14 14 14 14 14 14 
14 14 14 14 14 14 
14 14 14 14 14 14 
14 14 14 14 14 14 
14 14 14 14 14 14 
14 14 14 14 14 14 
14 14 14 14 14 14 
14 14 14 14 14 14 
14 14 14 14 14 14 
14 14 14 14 14 14 
14 14 14 14 14 14 
14 14 14 14 14 14 
14 14 14 14 14 14 
14 14 14 14 14 14 
14 14 14 14 14 14 
14 14 14 14 14 14 
14 14 14 14 14 14 
14 14 14 14 14 14 
14 14 14 14 14 14 
14 14 14 14 14 14 
14 14 14 14 14 14 
14 14 14 14 14 14 
14 14 14 14 14 14 
14 14 14 14 14 14 
14 14 14 14 14 14 
14 14 14 14 14 14 
14 14 14 14 14 14 
14 14 14 14 14 14 
14 14 14 14 14 14 
14 14 14 14 14 14 
14 14 14 14 14 14 
14 14 14 14 14 14 
14 14 14 14 14 14 
14 14 14 14 14 14 
14 14 14 14 14 14 
14 14 14 14 14 14 
14 14 14 14 14 14 
14 14 14 14 14 14 
14 14 14 14 14 14 
14 14 14 14 14 14 
14 14 14 14 14 14 
14 14 14 14 14 14 
14 14 14 14 14 14 
14 14 14 14 14 14 
14 14 14 14 14 14 
14 14 14 14 14 14 
14 14 14 14 14 14 
14 14 14 14 14 14 
14 14 14 14 14 14 
14 14 14 14 14 14 
14 14 14 14 14 14 
14 14 14 14 14 14 
14 14 14 14 14 14 
14 14 14 14 14 14 
14 14 14 14 14 14 
14 14 14 14 14 14 
14 14 14 14 14 14 
14 14 14 14 14 14 
14 14 14 14 14 14 
14 14 14 14 14 14 
14 14 14 14 14 14 
14 14 14 14 14 14 
14 14 14 14 14 14 
14 14 14 14 14 14 
14 14 14 14 14 14 
14 14 14 14 14 14 
14 14 14 14 14 14 
14 14 14 14 14 14 
14 14 14 14 14 14 
14 14 14 14 14 14 
14 14 14 14 14 14 
14 14 14 14 14 14 
14 14 14 14 14 14 
14 14 14 14 14 14 
14 14 14 14 14 14 
14 14 14 14 14 14 
14 14 14 14 14 14 
14 14 14 14 14 14 
14 14 14 14 14 14 
14 14 14 14 14 14 
14 14 14 14 14 14 
14 14 14 14 14 14 
14 14 14 14 14 14 
14 14 14 14 14 14 
14 14 14 14 14 14 
14 14 14 14 14 14 
14 14 14 14 14 14 
14 14 14 14 14 14 
14 14 14 14 14 14 
14 14 14 14 14 14 
14 14 14 14 14 14 
14 14 14 14 14 14 
14 14 14 14 14 14 
14 14 14 14 14 14 
14 14 14 14 14 14 
14 14 14 14 14 14 
14 14 14 14 14 14 
14 14 14 14 14 14 
14 14 14 14 14 14 
14 14 14 14 14 14 
14 14 14 14 14 14 
14 14 14 14 14 14 
14 14 14 14 14 14 
14 14 14 14 14 14 
14 14 14 14 14 14 
14 14 14 14 14 14 
14 14 14 14 14 14 
14 14 14 14 14 14 
14 14 14 14 14 14 
14 14 14 14 14 14 
14 14 14 14 14 14 
14 14 14 14 14 14 
14 14 14 14 14 14 
14 14 14 14 14 14 
14 14 14 14 14 14 
14 14 14 14 14 14 
14 14 14 14 14 14 
14 14 14 14 14 14 
14 14 14 14 14 14 
14 14 14 14 14 14 
14 14 14 14 14 14 
14 14 14 14 14 14 
14 14 14 14 14 14 
14 14 14 14 14 14 
14 14 14 14 14 14 
14 14 14 14 14 14 
14 14 14 14 14 14 
14 14 14 14 14 14 
14 14 14 14 14 14 
14 14 14 14 14 14 
14 14 14 14 14 14 
14 14 14 14 14 14 
14 14 14 14 14 14 
14 14 14 14 14 14 
14 14 14 14 14 14 
14 14 14 14 14 14 
14 14 14 14 14 14 
14 14 14 14 14 14 
14 14 14 14 14 14 
14 14 14 14 14 14 
14 14 14 14 14 14 
14 14 14 14 14 14 
14 14 14 14 14 14 
14 14 14 14 14 14 
14 14 14 14 14 14 
14 14 14 14 14 14 
14 14 14 14 14 14 
14 14 14 14 14 14 
14 14 14 14 14 14 
14 14 14 14 14 14 
14 14 14 14 14 14 
14 14 14 14 14 14 
14 14 14 14 14 14 
14 14 14 14 14 14 
14 14 14 14 14 14 
14 14 14 14 14 14 
14 14 14 14 14 14 
14 14 14 14 14 14 
14 14 14 14 14 14 
14 14 14 14 14 14 
14 14 14 14 14 14 
14 14 14 14 14 14 
14 14 14 14 14 14 
14 14 14 14 14 14 
14 14 14 14 14 14 
14 14 14 14 14 14 
14 14 14 14 14 14 
14 14 14 14 14 14 
14 14 14 14 14 14 
14 14 14 14 14 14 
14 14 14 14 14 14 
14 14 14 14 14 14 
14 14 14 14 14 14 
14 14 14 14 14 14 
14 14 14 14 14 14 
14 14 14 14 14 14 
14 14 14 14 14 14 
14 14 14 14 14 14 
14 14 14 14 14 14 
14 14 14 14 14 14 
14 14 14 14 14 14 
14 14 14 14 14 14 
14 14 14 14 14 14 
14 14 14 14 14 14 
14 14 14 14 14 14 
14 14 14 14 14 14 
14 14 14 14 14 14 
14 14 14 14 14 14 
14 14 14 14 14 14 
14 14 14 14 14 14 
14 14 14 14 14 14 
14 14 14 14 14 14 
14 14 14 14 14 14 
14 14 14 14 14 14 
14 14 14 14 14 14 
14 14 14 14 14 14 
14 14 14 14 14 14 
14 14 14 14 14 14 
14 14 14 14 14 14 
14 14 14 14 14 14 
14 14 14 14 14 14 
14 14 14 14 14 14 
14 14 14 14 14 14 
14 14 14 14 14 14 
14 14 14 14 14 14 
14 14 14 14 14 14 
14 14 14 14 14 14 
14 14 14 14 14 14 
14 14 14 14 14 14 
14 14 14 14 14 14 
14 14 14 14 14 14 
14 14 14 14 14 14 
14 14 14 14 14 14 
14 14 14 14 14 14 
14 14 14 14 14 14 
14 14 14 14 14 14 
14 14 14 14 14 14 
14 14 14 14 14 14 
14 14 14 14 14 14 
14 14 14 14 14 14 
14 14 14 14 14 14 
14 14 14 14 14 14 
14 14 14 14 14 14 
14 14 14 14 14 14 
14 14 14 14 14 14 
14 14 14 14 14 14 
14 14 14 14 14 14 
14 14 14 14 14 14 
14 14 14 14 14 14 
14 14 14 14 14 14 
14 14 14 14 14 14 
14 14 14 14 14 14 
14 14 14 14 14 14 
14 14 14 14 14 14 
14 14 14 14 14 14 
14 14 14 14 14 14 
14 14 14 14 14 14 
14 14 14 14 14 14 
14 14 14 14 14 14 
14 14 14 14 14 14 
14 14 14 14 14 14 
14 14 14 14 14 14 
14 14 14 14 14 14 
14 14 14 14 14 14 
14 14 14 14 14 14 
14 14 14 14 14 14 
14 14 14 14 14 14 
14 14 14 14 14 14 
14 14 14 14 14 14 
14 14 14 14 14 14 
14 14 14 14 14 14 
14 14 14 14 14 14 
14 14 14 14 14 14 
14 14 14 14 14 14 
14 14 14 14 14 14 
14 14 14 14 14 14 
14 14 14 14 14 14 
14 14 14 14 14 14 
14 14 14 14 14 14 
14 14 14 14 14 14 
14 14 14 14 14 14 
14 14 14 14 14 14 
14 14 14 14 14 14 
14 14 14 14 14 14 
14 14 14 14 14 14 
14 14 14 14 14 14 
14 14 14 14 14 14 
14 14 14 14 14 14 
14 14 14 14 14 14 
14 14 14 14 14 14 
14 14 14 14 14 14 
14 14 14 14 14 14 
14 14 14 14 14 14 
14 14 14 14 14 14 
14 14 14 14 14 14 
14 14 14 14 14 14 
14 14 14 14 14 14 
14 14 14 14 14 14 
14 14 14 14 14 14 
14 14 14 14 14 14 
14 14 14 14 14 14 
14 14 14 14 14 14 
14 14 14 14 14 14 
14 14 14 14 14 14 
14 14 14 14 14 14 
14 14 14 14 14 14 
14 14 14 14 14 14 
14 14 14 14 14 14 
14 14 14 14 14 14 
14 14 14 14 14 14 
14 14 14 14 14 14 
14 14 14 14 14 14 
14 14 14 14 14 14 
14 14 14 14 14 14 
14 14 14 14 14 14 
14 14 14 14 14 14 
14 14 14 14 14 14 
14 14 14 14 14 14 
14 14 14 14 14 14 
14 14 14 14 14 14 
14 14 14 14 14 14 
14 14 14 14 14 14 
14 14 14 14 14 14 
14 14 14 14 14 14 
14 14 14 14 14 14 
14 14 14 14 14 14 
14 14 14 14 14 14 
14 14 14 14 14 14 
14 14 14 14 14 14 
14 14 14 14 14 14 
14 14 14 14 14 14 
14 14 14 14 14 14 
14 14 14 14 14 14 
14 14 14 14 14 14 
14 14 14 14 14 14 
14 14 14 14 14 14 
14 14 14 14 14 14 
14 14 14 14 14 14 
14 14 14 14 14 14 
14 14 14 14 14 14 
14 14 14 14 14 14 
14 14 14 14 14 14 
14 14 14 14 14 14 
14 14 14 14 14 14 
14 14 14 14 14 14 
14 14 14 14 14 14 
14 14 14 14 14 14 
14 14 14 14 14 14 
14 14 14 14 14 14 
14 14 14 14 14 14 
14 14 14 14 14 14 
14 14 14 14 14 14 
14 14 14 14 14 14 
14 14 14 14 14 14 
14 14 14 14 14 14 
14 14 14 14 14 14 
14 14 14 14 14 14 
14 14 14 14 14 14 
14 14 14 14 14 14 
14 14 14 14 14 14 
14 14 14 14 14 14 
14 14 14 14 14 14 
14 14 14 14 14 14 
14 14 14 14 14 14 
14 14 14 14 14 14 
14 14 14 14 14 14 
14 14 14 14 14 14 
14 14 14 14 14 14 
14 14 14 14 14 14 
14 14 14 14 14 14 
14 14 14 14 14 14 
14 14 14 14 14 14 
14 14 14 14 14 14 
14 14 14 14 14 14 
14 14 14 14 14 14 
14 14 14 14 14 14 
14 14 14 14 14 14 
14 14 14 14 14 14 
14 14 14 14 14 14 
14 14 14 14 14 14 
14 14 14 14 14 14 
14 14 14 14 14 14 
14 14 14 14 14 14 
14 14 14 14 14 14 
14 14 14 14 14 14 
14 14 14 14 14 14 
14 14 14 14 14 14 
14 14 14 14 14 14 
14 14 14 14 14 14 
14 14 14 14 14 14 
14 14 14 14 14 14 
14 14 14 14 14 14 
14 14 14 14 14 14 
14 14 14 14 14 14 
14 14 14 14 14 14 
14 14 14 14 14 14 
14 14 14 14 14 14 
14 14 14 14 14 14 
14 14 14 14 14 14 
14 14 14 14 14 14 
14 14 14 14 14 14 
14 14 14 14 14 14 
14 14 14 14 14 14 
14 14 14 14 14 14 
14 14 14 14 14 14 
14 14 14 14 14 14 
14 14 14 14 14 14 
14 14 14 14 14 14 
14 14 14 14 14 14 
14 14 14 14 14 14 
14 14 14 14 14 14 
14 14 14 14 14 14 
14 14 14 14 14 14 
14 14 14 14 14 14 
14 14 14 14 14 14 
14 14 14 14 14 14 
14 14 14 14 14 14 
14 14 14 14 14 14 
14 14 14 14 14 14 
14 14 14 14 14 14 
14 14 14 14 14 14 
14 14 14 14 14 14 
14 14 14 14 14 14 
14 14 14 14 14 14 
14 14 14 14 14 14 
14 14 14 14 14 14 
14 14 14 14 14 14 
14 14 14 14 14 14 
14 14 14 14 14 14 
14 14 14 14 14 14 
14 14 14 14 14 14 
14 14 14 14 14 14 
14 14 14 14 14 14 
14 14 14 14 14 14 
14 14 14 14 14 14 
14 14 14 14 14 14 
14 14 14 14 14 14 
14 14 14 14 14 14 
14 14 14 14 14 14 
14 14 14 14 14 14 
14 14 14 14 14 14 
14 14 14 14 14 14 
14 14 14 14 14 14 
14 14 14 14 14 14 
14 14 14 14 14 14 
14 14 14 14 14 14 
14 14 14 14 14 14 
14 14 14 14 14 14 
14 14 14 14 14 14 
14 14 14 14 14 14 
14 14 14 14 14 14 
14 14 14 14 14 14 
14 14 14 14 14 14 
14 14 14 14 14 14 
14 14 14 14 14 14 
14 14 14 14 14 14 
14 14 14 14 14 14 
14 14 14 14 14 14 
14 14 14 14 14 14 
14 14 14 14 14 14 
14 14 14 14 14 14 
14 14 14 14 14 14 
14 14 14 14 14 14 
14 14 14 14 14 14 
14 14 14 14 14 14 
14 14 14 14 14 14 
14 14 14 14 14 14 
14 14 14 14 14 14 
14 14 14 14 14 14 
14 14 14 14 14 14 
14 14 14 14 14 14 
14 14 14 14 14 14 
14 14 14 14 14 14 
14 14 14 14 14 14 
14 14 14 14 14 14 
14 14 14 14 14 14 
14 14 14 14 14 14 
14 14 14 14 14 14 
14 14 14 14 14 14 
14 14 14 14 14 14 
14 14 14 14 14 14 
14 14 14 14 14 14 
14 14 14 14 14 14 
14 14 14 14 14 14 
14 14 14 14 14 14 
14 14 14 14 14 14 
14 14 14 14 14 14 
14 14 14 14 14 14 
14 14 14 14 14 14 
14 14 14 14 14 14 
14 14 14 14 14 14 
14 14 14 14 14 14 
14 14 14 14 14 14 
14 14 14 14 14 14 
14 14 14 14 14 14 
14 14 14 14 14 14 
14 14 14 14 14 14 
14 14 14 14 14 14 
14 14 14 14 14 14 
14 14 14 14 14 14 
14 14 14 14 14 14 
14 14 14 14 14 14 
14 14 14 14 14 14 
14 14 14 14 14 14 
14 14 14 14 14 14 
14 14 14 14 14 14 
14 14 14 14 14 14 
14 14 14 14 14 14 
14 14 14 14 14 14 
14 14 14 14 14 14 
14 14 14 14 14 14 
14 14 14 14 14 14 
14 14 14 14 14 14 
14 14 14 14 14 14 
14 14 14 14 14 14 
14 14 14 14 14 14 
14 14 14 14 14 14 
14 14 14 14 14 14 
14 14 14 14 14 14 
14 14 14 14 14 14 
14 14 14 14 14 14 
14 14 14 14 14 14 
14 14 14 14 14 14 
14 14 14 14 14 14 
14 14 14 14 14 14 
14 14 14 14 14 14 
14 14 14 14 14 14 
14 14 14 14 14 14 
14 14 14 14 14 14 
14 14 14 14 14 14 
14 14 14 14 14 14 
14 14 14 14 14 14 
14 14 14 14 14 14 
14 14 14 14 14 14 
14 14 14 14 14 14 
14 14 14 14 14 14 
14 14 14 14 14 14 
14 14 14 14 14 14 
14 14 14 14 14 14 
14 14 14 14 14 14 
14 14 14 14 14 14 
14 14 14 14 14 14 
14 14 14 14 14 14 
14 14 14 14 14 14 
14 14 14 14 14 14 
14 14 14 14 14 14 
14 14 14 14 14 14 
14 14 14 14 14 14 
14 14 14 14 14 14 
14 14 14 14 14 14 
14 14 14 14 14 14 
14 14 14 14 14 14 
14 14 14 14 14 14 
14 14 14 14 14 14 
14 14 14 14 14 14 
14 14 14 14 14 14 
14 14 14 14 14 14 
14 14 14 14 14 14 
14 14 14 14 14 14 
14 14 14 14 14 14 
14 14 14 14 14 14 
14 14 14 14 14 14 
14 14 14 14 14 14 
14 14 14 14 14 14 
14 14 14 14 14 14 
14 14 14 14 14 14 
14 14 14 14 14 14 
14 14 14 14 14 14 
14 14 14 14 14 14 
14 14 14 14 14 14 
14 14 14 14 14 14 
14 14 14 14 14 14 
14 14 14 14 14 14 
14 14 14 14 14 14 
14 14 14 14 14 14 
14 14 14 14 14 14 
14 14 14 14 14 14 
14 14 14 14 14 14 
14 14 14 14 14 14 
14 14 14 14 14 14 
14 14 14 14 14 14 
14 14 14 14 14 14 
14 14 14 14 14 14 
14 14 14 14 14 14 
14 14 14 14 14 14 
14 14 14 14 14 14 
14 14 14 14 14 14 
14 14 14 14 14 14 
14 14 14 14 14 14 
14 14 14 14 14 14 
14 14 14 14 14 14 
14 14 14 14 14 14 
14 14 14 14 14 14 
14 14 14 14 14 14 
14 14 14 14 14 14 
14 14 14 14 14 14 
14 14 14 14 14 14 
14 14 14 14 14 14 
14 14 14 14 14 14 
14 14 14 14 14 14 
14 14 14 14 14 14 
14 14 14 14 14 14 
14 14 14 14 14 14 
14 14 14 14 14 14 
14 14 14 14 14 14 
14 14 14 14 14 14 
14 14 14 14 14 14 
14 14 14 14 14 14 
14 14 14 14 14 14 
14 14 14 14 14 14 
14 14 14 14 14 14 
14 14 14 14 14 14 
14 14 14 14 14 14 
14 14 14 14 14 14 
14 14 14 14 14 14 
14 14 14 14 14 14 
14 14 14 14 14 14 
14 14 14 14 14 14 
14 14 14 14 14 14 
14 14 14 14 14 14 
14 14 14 14 14 14 
14 14 14 14 14 14 
14 14 14 14 14 14 
14 14 14 14 14 14 
14 14 14 14 14 14 
14 14 14 14 14 14 
14 14 14 14 14 14 
14 14 14 14 14 14 
14 14 14 14 14 14 
14 14 14 14 14 14 
14 14 14 14 14 14 
14 14 14 14 14 14 
14 14 14 14 14 14 
14 14 14 14 14 14 
14 14 14 14 14 14 
14 14 14 14 14 14 
14 14 14 14 14 14 
14 14 14 14 14 14 
14 14 14 14 14 14 
14 14 14 14 14 14 
14 14 14 14 14 14 
14 14 14 14 14 14 
14 14 14 14 14 14 
14 14 14 14 14 14 
14 14 14 14 14 14 
14 14 14 14 14 14 
14 14 14 14 14 14 
14 14 14 14 14 14 
14 14 14 14 14 14 
14 14 14 14 14 14 
14 14 14 14 14 14 
14 14 14 14 14 14 
14 14 14 14 14 14 
14 14 14 14 14 14 
14 14 14 14 14 14 
14 14 14 14 14 14 
14 14 14 14 14 14 
14 14 14 14 14 14 
14 14 14 14 14 14 
14 14 14 14 14 14 
14 14 14 14 14 14 
14 14 14 14 14 14 
14 14 14 14 14 14 
14 14 14 14 14 14 
14 14 14 14 14 14 
14 14 14 14 14 14 
14 14 14 14 14 14 
14 14 14 14 14 14 
14 14 14 14 14 14 
14 14 14 14 14 14 
14 14 14 14 14 14 
14 14 14 14 14 14 
14 14 14 14 14 14 
14 14 14 14 14 14 
14 14 14 14 14 14 
14 14 14 14 14 14 
14 14 14 14 14 14 
14 14 14 14 14 14 
14 14 14 14 14 14 
14 14 14 14 14 14 
14 14 14 14 14 14 
14 14 14 14 14 14 
14 14 14 14 14 14 
14 14 14 14 14 14 
14 14 14 14 14 14 
14 14 14 14 14 14 
14 14 14 14 14 14 
14 14 14 14 14 14 
14 14 14 14 14 14 
14 14 14 14 14 14 
14 14 14 14 14 14 
14 14 14 14 14 14 
14 14 14 14 14 14 
14 14 14 14 14 14 
14 14 14 14 14 14 
14 14 14 14 14 14 
14 14 14 14 14 14 
14 14 14 14 14 14 
14 14 14 14 14 14 
14 14 14 14 14 14 
14 14 14 14 14 14 
14 14 14 14 14 14 
14 14 14 14 14 14 
14 14 14 14 14 14 
14 14 14 14 14 14 
14 14 14 14 14 14 
14 14 14 14 14 14 
14 14 14 14 14 14 
14 14 14 14 14 14 
14 14 14 14 14 14 
14 14 14 14 14 14 
14 14 14 14 14 14 
14 14 14 14 14 14 
14 14 14 14 14 14 
14 14 14 14 14 14 
14 14 14 14 14 14 
14 14 14 14 14 14 
14 14 14 14 14 14 
14 14 14 14 14 14 
14 14 14 14 14 14 
14 14 14 14 14 14 
14 14 14 14 14 14 
14 14 14 14 14 14 
14 14 14 14 14 14 
14 14 14 14 14 14 
14 14 14 14 14 14 
14 14 14 14 14 14 
14 14 14 14 14 14 
14 14 14 14 14 14 
14 14 14 14 14 14 
14 14 14 14 14 14 
14 14 14 14 14 14 
14 14 14 14 14 14 
14 14 14 14 14 14 
14 14 14 14 14 14 
14 14 14 14 14 14 
14 14 14 14 14 14 
14 14 14 14 14 14 
14 14 14 14 14 14 
14 14 14 14 14 14 
14 14 14 14 14 14 
14 14 14 14 14 14 
14 14 14 14 14 14 
14 14 14 14 14 14 
14 14 14 14 14 14 
14 14 14 14 14 14 
14 14 14 14 14 14 
14 14 14 14 14 14 
14 14 14 14 14 14 
14 14 14 14 14 14 
14 14 14 14 14 14 
14 14 14 14 14 14 
14 14 14 14 14 14 
14 14 14 14 14 14 
14 14 14 14 14 14 
14 14 14 14 14 14 
14 14 14 14 14 14 
14 14 14 14 14 14 
14 14 14 14 14 14 
14 14 14 14 14 14 
14 14 14 14 14 14 
14 14 14 14 14 14 
14 14 14 14 14 14 
14 14 14 14 14 14 
14 14 14 14 14 14 
14 14 14 14 14 14 
14 14 14 14 14 14 
14 14 14 14 14 14 
14 14 14 14 14 14 
14 14 14 14 14 14 
14 14 14 14 14 14 
14 14 14 14 14 14 
14 14 14 14 14 14 
14 14 14 14 14 14 
14 14 14 14 14 14 
14 14 14 14 14 14 
14 14 14 14 14 14 
14 14 14 14 14 14 
14 14 14 14 14 14 
14 14 14 14 14 14 
14 14 14 14 14 14 
14 14 14 14 14 14 
14 14 14 14 14 14 
14 14 14 14 14 14 
14 14 14 14 14 14 
14 14 14 14 14 14 
14 14 14 14 14 14 
14 14 14 14 14 14 
14 14 14 14 14 14 
14 14 14 14 14 14 
14 14 14 14 14 14 
14 14 14 14 14 14 
14 14 14 14 14 14 
14 14 14 14 14 14 
14 14 14 14 14 14 
14 14 14 14 14 14 
14 14 14 14 14 14 
14 14 14 14 14 14 
14 14 14 14 14 14 
14 14 14 14 14 14 
14 14 14 14 14 14 
14 14 14 14 14 14 
14 14 14 14 14 14 
14 14 14 14 14 14 
14 14 14 14 14 14 
14 14 14 14 14 14 
14 14 14 14 14 14 
14 14 14 14 14 14 
14 14 14 14 14 14 
14 14 14 14 14 14 
14 14 14 14 14 14 
14 14 14 14 14 14 
14 14 14 14 14 14 
14 14 14 14 14 14 
14 14 14 14 14 14 
14 14 14 14 14 14 
14 14 14 14 14 14 
14 14 14 14 14 14 
14 14 14 14 14 14 
14 14 14 14 14 14 
14 14 14 14 14 14 
14 14 14 14 14 14 
14 14 14 14 14 14 
14 14 14 14 14 14 
14 14 14 14 14 14 
14 14 14 14 14 14 
14 14 14 14 14 14 
14 14 14 14 14 14 
14 14 14 14 14 14 
14 14 14 14 14 14 
14 14 14 14 14 14 
14 14 14 14 14 14 
14 14 14 14 14 14 
14 14 14 14 14 14 
14 14 14 14 14 14 
14 14 14 14 14 14 
14 14 14 14 14 14 
14 14 14 14 14 14 
14 14 14 14 14 14 
14 14 14 14 14 14 
14 14 14 14 14 14 
14 14 14 14 14 14 
14 14 14 14 14 14 
14 14 14 14 14 14 
14 14 14 14 14 14 
14 14 14 14 14 14 
14 14 14 14 14 14 
14 14 14 14 14 14 
14 14 14 14 14 14 
14 14 14 14 14 14 
14 14 14 14 14 14 
14 14 14 14 14 14 
14 14 14 14 14 14 
14 14 14 14 14 14 
14 14 14 14 14 14 
14 14 14 14 14 14 
14 14 14 14 14 14 
14 14 14 14 14 14 
14 14 14 14 14 14 
14 14 14 14 14 14 
14 14 14 14 14 14 
14 14 14 14 14 14 
14 14 14 14 14 14 
14 14 14 14 14 14 
14 14 14 14 14 14 
14 14 14 14 14 14 
14 14 14 14 14 14 
14 14 14 14 14 14 
14 14 14 14 14 14 
14 14 14 14 14 14 
14 14 14 14 14 14 
14 14 14 14 14 14 
14 14 14 14 14 14 
14 14 14 14 14 14 
14 14 14 14 14 14 
14 14 14 14 14 14 
14 14 14 14 14 14 
14 14 14 14 14 14 
14 14 14 14 14 14 
14 14 14 14 14 14 
14 14 14 14 14 14 
14 14 14 14 14 14 
14 14 14 14 14 14 
14 14 14 14 14 14 
14 14 14 14 14 14 
14 14 14 14 14 14 
14 14 14 14 14 14 
14 14 14 14 14 14 
14 14 14 14 14 14 
14 14 14 14 14 14 
14 14 14 14 14 14 
14 14 14 14 14 14 
14 14 14 14 14 14 
14 14 14 14 14 14 
14 14 14 14 14 14 
14 14 14 14 14 14 
14 14 14 14 14 14 
14 14 14 14 14 14 
14 14 14 14 14 14 
14 14 14 14 14 14 
14 14 14 14 14 14 
14 14 14 14 14 14 
14 14 14 14 14 14 
14 14 14 14 14 14 
14 14 14 14 14 14 
14 14 14 14 14 14 
14 14 14 14 14 14 
14 14 14 14 14 14 
14 14 14 14 14 14 
14 14 14 14 14 14 
14 14 14 14 14 14 
14 14 14 14 14 14 
14 14 14 14 14 14 
14 14 14 14 14 14 
14 14 14 14 14 14 
14 14 14 14 14 14 
14 14 14 14 14 14 
14 14 14 14 14 14 
14 14 14 14 14 14 
14 14 14 14 14 14 
14 14 14 14 14 14 
14 14 14 14 14 14 
14 14 14 14 14 14 
14 14 14 14 14 14 
14 14 14 14 14 14 
14 14 14 14 14 14 
14 14 14 14 14 14 
14 14 14 14 14 14 
14 14 14 14 14 14 
14 14 14 14 14 14 
14 14 14 14 14 14 
14 14 14 14 14 14 
14 14 14 14 14 14 
14 14 14 14 14 14 
14 14 14 14 14 14 
14 14 14 14 14 14 
14 14 14 14 14 14 
14 14 14 14 14 14 
14 14 14 14 14 14 
14 14 14 14 14 14 
14 14 14 14 14 14 
14 14 14 14 14 14 
14 14 14 14 14 14 
14 14 14 14 14 14 
14 14 14 14 14 14 
14 14 14 14 14 14 
14 14 14 14 14 14 
14 14 14 14 14 14 
14 14 14 14 14 14 
14 14 14 14 14 14 
14 14 14 14 14 14 
14 14 14 14 14 14 
14 14 14 14 14 14 
14 14 14 14 14 14 
14 14 14 14 14 14 
14 14 14 14 14 14 
14 14 14 14 14 14 
14 14 14 14 14 14 
14 14 14 14 14 14 
14 14 14 14 14 14 
14 14 14 14 14 14 
14 14 14 14 14 14 
14 14 14 14 14 14 
14 14 14 14 14 14 
14 14 14 14 14 14 
14 14 14 14 14 14 
14 14 14 14 14 14 
14 14 14 14 14 14 
14 14 14 14 14 14 
14 14 14 14 14 14 
14 14 14 14 14 14 
14 14 14 14 14 14 
14 14 14 14 14 14 
14 14 14 14 14 14 
14 14 14 14 14 14 
14 14 14 14 14 14 
14 14 14 14 14 14 
14 14 14 14 14 14 
14 14 14 14 14 14 
14 14 14 14 14 14 
14 14 14 14 14 14 
14 14 14 14 14 14 
14 14 14 14 14 14 
14 14 14 14 14 14 
14 14 14 14 14 14 
14 14 14 14 14 14 
14 14 14 14 14 14 
14 14 14 14 14 14 
14 14 14 14 14 14 
14 14 14 14 14 14 
14 14 14 14 14 14 
14 14 14 14 14 14 
14 14 14 14 14 14 
14 14 14 14 14 14 
14 14 14 14 14 14 
14 14 14 14 14 14 
14 14 14 14 14 14 
14 14 14 14 14 14 
14 14 14 14 14 14 
14 14 14 14 14 14 
14 14 14 14 14 14 
14 14 14 14 14 14 
14 14 14 14 14 14 
14 14 14 14 14 14 
14 14 14 14 14 14 
14 14 14 14 14 14 
14 14 14 14 14 14 
14 14 14 14 14 14 
14 14 14 14 14 14 
14 14 14 14 14 14 
14 14 14 14 14 14 
14 14 14 14 14 14 
14 14 14 14 14 14 
14 14 14 14 14 14 
14 14 14 14 14 14 
14 14 14 14 14 14 
14 14 14 14 14 14 
14 14 14 14 14 14 
14 14 14 14 14 14 
14 14 14 14 14 14 
14 14 14 14 14 14 
14 14 14 14 14 14 
14 14 14 14 14 14 
14 14 14 14 14 14 
14 14 14 14 14 14 
14 14 14 14 14 14 
14 14 14 14 14 14 
14 14 14 14 14 14 
14 14 14 14 14 14 
14 14 14 14 14 14 
14 14 14 14 14 14 
14 14 14 14 14 14 
14 14 14 14 14 14 
14 14 14 14 14 14 
14 14 14 14 14 14 
14 14 14 14 14 14 
14 14 14 14 14 14 
14 14 14 14 14 14 
14 14 14 14 14 14 
14 14 14 14 14 14 
14 14 14 14 14 14 
14 14 14 14 14 14 
14 14 14 14 14 14 
14 14 14 14 14 14 
14 14 14 14 14 14 
14 14 14 14 14 14 
14 14 14 14 14 14 
14 14 14 14 14 14 
14 14 14 14 14 14 
14 14 14 14 14 14 
14 14 14 14 14 14 
14 14 14 14 14 14 
14 14 14 14 14 14 
14 14 14 14 14 14 
14 14 14 14 14 14 
14 14 14 14 14 14 
14 14 14 14 14 14 
14 14 14 14 14 14 
14 14 14 14 14 14 
14 14 14 14 14 14 
14 14 14 14 14 14 
14 14 14 14 14 14 
14 14 14 14 14 14 
14 14 14 14 14 14 
14 14 14 14 14 14 
14 14 14 14 14 14 
14 14 14 14 14 14 
14 14 14 14 14 14 
14 14 14 14 14 14 
14 14 14 14 14 14 
14 14 14 14 14 14 
14 14 14 14 14 14 
14 14 14 14 14 14 
14 14 14 14 14 14 
14 14 14 14 14 14 
14 14 14 14 14 14 
14 14 14 14 14 14 
14 14 14 14 14 14 
14 14 14 14 14 14 
14 14 14 14 14 14 
14 14 14 14 14 14 
14 14 14 14 14 14 
14 14 14 14 14 14 
14 14 14 14 14 14 
14 14 14 14 14 14 
14 14 14 14 14 14 
14 14 14 14 14 14 
14 14 14 14 14 14 
14 14 14 14 14 14 
14 14 14 14 14 14 
14 14 14 14 14 14 
14 14 14 14 14 14 
14 14 14 14 14 14 
14 14 14 14 14 14 
14 14 14 14 14 14 
14 14 14 14 14 14 
14 14 14 14 14 14 
14 14 14 14 14 14 
14 14 14 14 14 14 
14 14 14 14 14 14 
14 14 14 14 14 14 
14 14 14 14 14 14 
14 14 14 14 14 14 
14 14 14 14 14 14 
14 14 14 14 14 14 
14 14 14 14 14 14 
14 14 14 14 14 14 
14 14 14 14 14 14 
14 14 14 14 14 14 
14 14 14 14 14 14 
14 14 14 14 14 14 
14 14 14 14 14 14 
14 14 14 14 14 14 
14 14 14 14 14 14 
14 14 14 14 14 14 
14 14 14 14 14 14 
14 14 14 14 14 14 
14 14 14 14 14 14 
14 14 14 14 14 14 
14 14 14 14 14 14 
14 14 14 14 14 14 
14 14 14 14 14 14 
14 14 14 14 14 14 
14 14 14 14 14 14 
14 14 14 14 14 14 
14 14 14 14 14 14 
14 14 14 14 14 14 
14 14 14 14 14 14 
14 14 14 14 14 14 
14 14 14 14 14 14 
14 14 14 14 14 14 
14 14 14 14 14 14 
14 14 14 14 14 14 
14 14 14 14 14 14 
14 14 14 14 14 14 
14 14 14 14 14 14 
14 14 14 14 14 14 
14 14 14 14 14 14 
14 14 14 14 14 14 
14 14 14 14 14 14 
14 14 14 14 14 14 
14 14 14 14 14 14 
14 14 14 14 14 14 
14 14 14 14 14 14 
14 14 14 14 14 14 
14 14 14 14 14 14 
14 14 14 14 14 14 
14 14 14 14 14 14 
14 14 14 14 14 14 
14 14 14 14 14 14 
14 14 14 14 14 14 
14 14 14 14 14 14 
14 14 14 14 14 14 
14 14 14 14 14 14 
14 14 14 14 14 14 
14 14 14 14 14 14 
14 14 14 14 14 14 
14 14 14 14 14 14 
14 14 14 14 14 14 
14 14 14 14 14 14 
14 14 14 14 14 14 
14 14 14 14 14 14 
14 14 14 14 14 14 
14 14 14 14 14 14 
14 14 14 14 14 14 
14 14 14 14 14 14 
14 14 14 14 14 14 
14 14 14 14 14 14 
14 14 14 14 14 14 
14 14 14 14 14 14 
14 14 14 14 14 14 
14 14 14 14 14 14 
14 14 14 14 14 14 
14 14 14 14 14 14 
14 14 14 14 14 14 
14 14 14 14 14 14 
14 14 14 14 14 14 
14 14 14 14 14 14 
14 14 14 14 14 14 
14 14 14 14 14 14 
14 14 14 14 14 14 
14 14 14 14 14 14 
14 14 14 14 14 14 
14 14 14 14 14 14 
14 14 14 14 14 14 
14 14 14 14 14 14 
14 14 14 14 14 14 
14 14 14 14 14 14 
14 14 14 14 14 14 
14 14 14 14 14 14 
14 14 14 14 14 14 
14 14 14 14 14 14 
14 14 14 14 14 14 
14 14 14 14 14 14 
14 14 14 14 14 14 
14 14 14 14 14 14 
14 14 14 14 14 14 
14 14 14 14 14 14 
14 14 14 14 14 14 
14 14 14 14 14 14 
14 14 14 14 14 14 
14 14 14 14 14 14 
14 14 14 14 14 14 
14 14 14 14 14 14 
14 14 14 14 14 14 
14 14 14 14 14 14 
14 14 14 14 14 14 
14 14 14 14 14 14 
14 14 14 14 14 14 
14 14 14 14 14 14 
14 14 14 14 14 14 
14 14 14 14 14 14 
14 14 14 14 14 14 
14 14 14 14 14 14 
14 14 14 14 14 14 
14 14 14 14 14 14 
14 14 14 14 14 14 
14 14 14 14 14 14 
14 14 14 14 14 14 
14 14 14 14 14 14 
14 14 14 14 14 14 
14 14 14 14 14 14 
14 14 14 14 14 14 
14 14 14 14 14 14 
14 14 14 14 14 14 
14 14 14 14 14 14 
14 14 14 14 14 14 
14 14 14 14 14 14 
14 14 14 14 14 14 
14 14 14 14 14 14 
14 14 14 14 14 14 
14 14 14 14 14 14 
14 14 14 14 14 14 
14 14 14 14 14 14 
14 14 14 14 14 14 
14 14 14 14 14 14 
14 14 14 14 14 14 
14 14 14 14 14 14 
14 14 14 14 14 14 
14 14 14 14 14 14 
14 14 14 14 14 14 
14 14 14 14 14 14 
14 14 14 14 14 14 
14 14 14 14 14 14 
14 14 14 14 14 14 
14 14 14 14 14 14 
14 14 14 14 14 14 
14 14 14 14 14 14 
14 14 14 14 14 14 
14 14 14 14 14 14 
14 14 14 14 14 14 
14 14 14 14 14 14 
14 14 14 14 14 14 
14 14 14 14 14 14 
14 14 14 14 14 14 
14 14 14 14 14 14 
14 14 14 14 14 14 
14 14 14 14 14 14 
14 14 14 14 14 14 
14 14 14 14 14 14 
14 14 14 14 14 14 
14 14 14 14 14 14 
14 14 14 14 14 14 
14 14 14 14 14 14 
14 14 14 14 14 14 
14 14 14 14 14 14 
14 14 14 14 14 14 
14 14 14 14 14 14 
14 14 14 14 14 14 
14 14 14 14 14 14 
14 14 14 14 14 14 
14 14 14 14 14 14 
14 14 14 14 14 14 
14 14 14 14 14 14 
14 14 14 14 14 14 
14 14 14 14 14 14 
14 14 14 14 14 14 
14 14 14 14 14 14 
14 14 14 14 14 14 
14 14 14 14 14 14 
14 14 14 14 14 14 
14 14 14 14 14 14 
14 14 14 14 14 14 
14 14 14 14 14 14 
14 14 14 14 14 14 
14 14 14 14 14 14 
14 14 14 14 14 14 
14 14 14 14 14 14 
14 14 14 14 14 14 
14 14 14 14 14 14 
14 14 14 14 14 14 
14 14 14 14 14 14 
14 14 14 14 14 14 
14 14 14 14 14 14 
14 14 14 14 14 14 
14 14 14 14 14 14 
14 14 14 14 14 14 
14 14 14 14 14 14 
14 14 14 14 14 14 
14 14 14 14 14 14 
14 14 14 14 14 14 
14 14 14 14 14 14 
14 14 14 14 14 14 
14 14 14 14 14 14 
14 14 14 14 14 14 
14 14 14 14 14 14 
14 14 14 14 14 14 
14 14 14 14 14 14 
14 14 14 14 14 14 
14 14 14 14 14 14 
14 14 14 14 14 14 
14 14 14 14 14 14 
14 14 14 14 14 14 
14 14 14 14 14 14 
14 14 14 14 14 14 
14 14 14 14 14 14 
14 14 14 14 14 14 
14 14 14 14 14 14 
14 14 14 14 14 14 
14 14 14 14 14 14 
14 14 14 14 14 14 
14 14 14 14 14 14 
14 14 14 14 14 14 
14 14 14 14 14 14 
14 14 14 14 14 14 
14 14 14 14 14 14 
14 14 14 14 14 14 
14 14 14 14 14 14 
14 14 14 14 14 14 
14 14 14 14 14 14 
14 14 14 14 14 14 
14 14 14 14 14 14 
14 14 14 14 14 14 
14 14 14 14 14 14 
14 14 14 14 14 14 
14 14 14 14 14 14 
14 14 14 14 14 14 
14 14 14 14 14 14 
14 14 14 14 14 14 
14 14 14 14 14 14 
14 14 14 14 14 14 
14 14 14 14 14 14 
14 14 14 14 14 14 
14 14 14 14 14 14 
14 14 14 14 14 14 
14 14 14 14 14 14 
14 14 14 14 14 14 
14 14 14 14 14 14 
14 14 14 14 14 14 
14 14 14 14 14 14 
14 14 14 14 14 14 
14 14 14 14 14 14 
14 14 14 14 14 14 
14 14 14 14 14 14 
14 14 14 14 14 14 
14 14 14 14 14 14 
14 14 14 14 14 14 
14 14 14 14 14 14 
14 14 14 14 14 14 
14 14 14 14 14 14 
14 14 14 14 14 14 
14 14 14 14 14 14 
14 14 14 14 14 14 
14 14 14 14 14 14 
14 14 14 14 14 14 
14 14 14 14 14 14 
14 14 14 14 14 14 
14 14 14 14 14 14 
14 14 14 14 14 14 
14 14 14 14 14 14 
14 14 14 14 14 14 
14 14 14 14 14 14 
14 14 14 14 14 14 
14 14 14 14 14 14 
14 14 14 14 14 14 
14 14 14 14 14 14 
14 14 14 14 14 14 
14 14 14 14 14 14 
14 14 14 14 14 14 
14 14 14 14 14 14 
14 14 14 14 14 14 
14 14 14 14 14 14 
14 14 14 14 14 14 
14 14 14 14 14 14 
14 14 14 14 14 14 
14 14 14 14 14 14 
14 14 14 14 14 14 
14 14 14 14 14 14 
14 14 14 14 14 14 
14 14 14 14 14 14 
14 14 14 14 14 14 
14 14 14 14 14 14 
14 14 14 14 14 14 
14 14 14 14 14 14 
14 14 14 14 14 14 
14 14 14 14 14 14 
14 14 14 14 14 14 
14 14 14 14 14 14 
14 14 14 14 14 14 
14 14 14 14 14 14 
14 14 14 14 14 14 
14 14 14 14 14 14 
14 14 14 14 14 14 
14 14 14 14 14 14 
14 14 14 14 14 14 
14 14 14 14 14 14 
14 14 14 14 14 14 
14 14 14 14 14 14 
14 14 14 14 14 14 
14 14 14 14 14 14 
14 14 14 14 14 14 
14 14 14 14 14 14 
14 14 14 14 14 14 
14 14 14 14 14 14 
14 14 14 14 14 14 
14 14 14 14 14 14 
14 14 14 14 14 14 
14 14 14 14 14 14 
14 14 14 14 14 14 
14 14 14 14 14 14 
14 14 14 14 14 14 
14 14 14 14 14 14 
14 14 14 14 14 14 
14 14 14 14 14 14 
14 14 14 14 14 14 
14 14 14 14 14 14 
14 14 14 14 14 14 
14 14 14 14 14 14 
14 14 14 14 14 14 
14 14 14 14 14 14 
14 14 14 14 14 14 
14 14 14 14 14 14 
14 14 14 14 14 14 
14 14 14 14 14 14 
14 14 14 14 14 14 
14 14 14 14 14 14 
14 14 14 14 14 14 
14 14 14 14 14 14 
14 14 14 14 14 14 
14 14 14 14 14 14 
14 14 14 14 14 14 
14 14 14 14 14 14 
14 14 14 14 14 14 
14 14 14 14 14 14 
14 14 14 14 14 14 
14 14 14 14 14 14 
14 14 14 14 14 14 
14 14 14 14 14 14 
14 14 14 14 14 14 
14 14 14 14 14 14 
14 14 14 14 14 14 
14 14 14 14 14 14 
14 14 14 14 14 14 
14 14 14 14 14 14 
14 14 14 14 14 14 
14 14 14 14 14 14 
14 14 14 14 14 14 
14 14 14 14 14 14 
14 14 14 14 14 14 
14 14 14 14 14 14 
14 14 14 14 14 14 
14 14 14 14 14 14 
14 14 14 14 14 14 
14 14 14 14 14 14 
14 14 14 14 14 14 
14 14 14 14 14 14 
14 14 14 14 14 14 
14 14 14 14 14 14 
14 14 14 14 14 14 
14 14 14 14 14 14 
14 14 14 14 14 14 
14 14 14 14 14 14 
14 14 14 14 14 14 
14 14 14 14 14 14 
14 14 14 14 14 14 
14 14 14 14 14 14 
14 14 14 14 14 14 
14 14 14 14 14 14 
14 14 14 14 14 14 
14 14 14 14 14 14 
14 14 14 14 14 14 
14 14 14 14 14 14 
14 14 14 14 14 14 
14 14 14 14 14 14 
14 14 14 14 14 14 
14 14 14 14 14 14 
14 14 14 14 14 14 
14 14 14 14 14 14 
14 14 14 14 14 14 
14 14 14 14 14 14 
14 14 14 14 14 14 
14 14 14 14 14 14 
14 14 14 14 14 14 
14 14 14 14 14 14 
14 14 14 14 14 14 
14 14 14 14 14 14 
14 14 14 14 14 14 
14 14 14 14 14 14 
14 14 14 14 14 14 
14 14 14 14 14 14 
14 14 14 14 14 14 
14 14 14 14 14 14 
14 14 14 14 14 14 
14 14 14 14 14 14 
14 14 14 14 14 14 
14 14 14 14 14 14 
14 14 14 14 14 14 
14 14 14 14 14 14 
14 14 14 14 14 14 
14 14 14 14 14 14 
14 14 14 14 14 14 
14 14 14 14 14 14 
14 14 14 14 14 14 
14 14 14 14 14 14 
14 14 14 14 14 14 
14 14 14 14 14 14 
14 14 14 14 14 14 
14 14 14 14 14 14 
14 14 14 14 14 14 
14 14 14 14 14 14 
14 14 14 14 14 14 
14 14 14 14 14 14 
14 14 14 14 14 14 
14 14 14 14 14 14 
14 14 14 14 14 14 
14 14 14 14 14 14 
14 14 14 14 14 14 
14 14 14 14 14 14 
14 14 14 14 14 14 
14 14 14 14 14 14 
14 14 14 14 14 14 
14 14 14 14 14 14 
14 14 14 14 14 14 
14 14 14 14 14 14 
14 14 14 14 14 14 
14 14 14 14 14 14 
14 14 14 14 14 14 
14 14 14 14 14 14 
14 14 14 14 14 14 
14 14 14 14 14 14 
14 14 14 14 14 14 
14 14 14 14 14 14 
14 14 14 14 14 14 
14 14 14 14 14 14 
14 14 14 14 14 14 
14 14 14 14 14 14 
14 14 14 14 14 14 
14 14 14 14 14 14 
14 14 14 14 14 14 
14 14 14 14 14 14 
14 14 14 14 14 14 
14 14 14 14 14 14 
14 14 14 14 14 14 
14 14 14 14 14 14 
14 14 14 14 14 14 
14 14 14 14 14 14 
14 14 14 14 14 14 
14 14 14 14 14 14 
14 14 14 14 14 14 
14 14 14 14 14 14 
14 14 14 14 14 14 
14 14 14 14 14 14 
14 14 14 14 14 14 
14 14 14 14 14 14 
14 14 14 14 14 14 
14 14 14 14 14 14 
14 14 14 14 14 14 
14 14 14 14 14 14 
14 14 14 14 14 14 
14 14 14 14 14 14 
14 14 14 14 14 14 
14 14 14 14 14 14 
14 14 14 14 14 14 
14 14 14 14 14 14 
14 14 14 14 14 14 
14 14 14 14 14 14 
14 14 14 14 14 14 
14 14 14 14 14 14 
14 14 14 14 14 14 
14 14 14 14 14 14 
14 14 14 14 14 14 
14 14 14 14 14 14 
14 14 14 14 14 14 
14 14 14 14 14 14 
14 14 14 14 14 14 
14 14 14 14 14 14 
14 14 14 14 14 14 
14 14 14 14 14 14 
14 14 14 14 14 14 
14 14 14 14 14 14 
14 14 14 14 14 14 
14 14 14 14 14 14 
14 14 14 14 14 14 
14 14 14 14 14 14 
14 14 14 14 14 14 
14 14 14 14 14 14 
14 14 14 14 14 14 
14 14 14 14 14 14 
14 14 14 14 14 14 
14 14 14 14 14 14 
14 14 14 14 14 14 
14 14 14 14 14 14 
14 14 14 14 14 14 
14 14 14 14 14 14 
14 14 14 14 14 14 
14 14 14 14 14 14 
14 14 14 14 14 14 
14 14 14 14 14 14 
14 14 14 14 14 14 
14 14 14 14 14 14 
14 14 14 14 14 14 
14 14 14 14 14 14 
14 14 14 14 14 14 
14 14 14 14 14 14 
14 14 14 14 14 14 
14 14 14 14 14 14 
14 14 14 14 14 14 
14 14 14 14 14 14 
14 14 14 14 14 14 
14 14 14 14 14 14 
14 14 14 14 14 14 
14 14 14 14 14 14 
14 14 14 14 14 14 
14 14 14 14 14 14 
14 14 14 14 14 14 
14 14 14 14 14 14 
14 14 14 14 14 14 
14 14 14 14 14 14 
14 14 14 14 14 14 
14 14 14 14 14 14 
14 14 14 14 14 14 
14 14 14 14 14 14 
14 14 14 14 14 14 
14 14 14 14 14 14 
14 14 14 14 14 14 
14 14 14 14 14 14 
14 14 14 14 14 14 
14 14 14 14 14 14 
14 14 14 14 14 14 
14 14 14 14 14 14 
14 14 14 14 14 14 
14 14 14 14 14 14 
14 14 14 14 14 14 
14 14 14 14 14 14 
14 14 14 14 14 14 
14 14 14 14 14 14 
14 14 14 14 14 14 
14 14 14 14 14 14 
14 14 14 14 14 14 
14 14 14 14 14 14 
14 14 14 14 14 14 
14 14 14 14 14 14 
14 14 14 14 14 14 
14 14 14 14 14 14 
14 14 14 14 14 14 
14 14 14 14 14 14 
14 14 14 14 14 14 
14 14 14 14 14 14 
14 14 14 14 14 14 
14 14 14 14 14 14 
14 14 14 14 14 14 
14 14 14 14 14 14 
14 14 14 14 14 14 
14 14 14 14 14 14 
14 14 14 14 14 14 
14 14 14 14 14 14 
14 14 14 14 14 14 
14 14 14 14 14 14 
14 14 14 14 14 14 
14 14 14 14 14 14 
14 14 14 14 14 14 
14 14 14 14 14 14 
14 14 14 14 14 14 
14 14 14 14 14 14 
14 14 14 14 14 14 
14 14 14 14 14 14 
14 14 14 14 14 14 
14 14 14 14 14 14 
14 14 14 14 14 14 
14 14 14 14 14 14 
14 14 14 14 14 14 
14 14 14 14 14 14 
14 14 14 14 14 14 
14 14 14 14 14 14 
14 14 14 14 14 14 
14 14 14 14 14 14 
14 14 14 14 14 14 
14 14 14 14 14 14 
14 14 14 14 14 14 
14 14 14 14 14 14 
14 14 14 14 14 14 
14 14 14 14 14 14 
14 14 14 14 14 14 
14 14 14 14 14 14 
14 14 14 14 14 14 
14 14 14 14 14 14 
14 14 14 14 14 14 
14 14 14 14 14 14 
14 14 14 14 14 14 
14 14 14 14 14 14 
14 14 14 14 14 14 
14 14 14 14 14 14 
14 14 14 14 14 14 
14 14 14 14 14 14 
14 14 14 14 14 14 
14 14 14 14 14 14 
14 14 14 14 14 14 
14 14 14 14 14 14 
14 14 14 14 14 14 
14 14 14 14 14 14 
14 14 14 14 14 14 
14 14 14 14 14 14 
14 14 14 14 14 14 
14 14 14 14 14 14 
14 14 14 14 14 14 
14 14 14 14 14 14 
14 14 14 14 14 14 
14 14 14 14 14 14 
14 14 14 14 14 14 
14 14 14 14 14 14 
14 14 14 14 14 14 
14 14 14 14 14 14 
14 14 14 14 14 14 
14 14 14 14 14 14 
14 14 14 14 14 14 
14 14 14 14 14 14 
14 14 14 14 14 14 
14 14 14 14 14 14 
14 14 14 14 14 14 
14 14 14 14 14 14 
14 14 14 14 14 14 
14 14 14 14 14 14 
14 14 14 14 14 14 
14 14 14 14 14 14 
14 14 14 14 14 14 
14 14 14 14 14 14 
14 14 14 14 14 14 
14 14 14 14 14 14 
14 14 14 14 14 14 
14 14 14 14 14 14 
14 14 14 14 14 14 
14 14 14 14 14 14 
14 14 14 14 14 14 
14 14 14 14 14 14 
14 14 14 14 14 14 
14 14 14 14 14 14 
14 14 14 14 14 14 
14 14 14 14 14 14 
14 14 14 14 14 14 
14 14 14 14 14 14 
14 14 14 14 14 14 
14 14 14 14 14 14 
14 14 14 14 14 14 
14 14 14 14 14 14 
14 14 14 14 14 14 
14 14 14 14 14 14 
14 14 14 14 14 14 
14 14 14 14 14 14 
14 14 14 14 14 14 
14 14 14 14 14 14 
14 14 14 14 14 14 
14 14 14 14 14 14 
14 14 14 14 14 14 
14 14 14 14 14 14 
14 14 14 14 14 14 
14 14 14 14 14 14 
14 14 14 14 14 14 
14 14 14 14 14 14 
14 14 14 14 14 14 
14 14 14 14 14 14 
14 14 14 14 14 14 
14 14 14 14 14 14 
14 14 14 14 14 14 
14 14 14 14 14 14 
14 14 14 14 14 14 
14 14 14 14 14 14 
14 14 14 14 14 14 
14 14 14 14 14 14 
14 14 14 14 14 14 
14 14 14 14 14 14 
14 14 14 14 14 14 
14 14 14 14 14 14 
14 14 14 14 14 14 
14 14 14 14 14 14 
14 14 14 14 14 14 
14 14 14 14 14 14 
14 14 14 14 14 14 
14 14 14 14 14 14 
14 14 14 14 14 14 
14 14 14 14 14 14 
14 14 14 14 14 14 
14 14 14 14 14 14 
14 14 14 14 14 14 
14 14 14 14 14 14 
14 14 14 14 14 14 
14 14 14 14 14 14 
14 14 14 14 14 14 
14 14 14 14 14 14 
14 14 14 14 14 14 
14 14 14 14 14 14 
14 14 14 14 14 14 
14 14 14 14 14 14 
14 14 14 14 14 14 
14 14 14 14 14 14 
14 14 14 14 14 14 
14 14 14 14 14 14 
14 14 14 14 14 14 
14 14 14 14 14 14 
14 14 14 14 14 14 
14 14 14 14 14 14 
14 14 14 14 14 14 
14 14 14 14 14 14 
14 14 14 14 14 14 
14 14 14 14 14 14 
14 14 14 14 14 14 
14 14 14 14 14 14 
14 14 14 14 14 14 
14 14 14 14 14 14 
14 14 14 14 14 14 
14 14 14 14 14 14 
14 14 14 14 14 14 
14 14 14 14 14 14 
14 14 14 14 14 14 
14 14 14 14 14 14 
14 14 14 14 14 14 
14 14 14 14 14 14 
14 14 14 14 14 14 
14 14 14 14 14 14 
14 14 14 14 14 14 
14 14 14 14 14 14 
14 14 14 14 14 14 
14 14 14 14 14 14 
14 14 14 14 14 14 
14 14 14 14 14 14 
14 14 14 14 14 14 
14 14 14 14 14 14 
14 14 14 14 14 14 
14 14 14 14 14 14 
14 14 14 14 14 14 
14 14 14 14 14 14 
14 14 14 14 14 14 
14 14 14 14 14 14 
14 14 14 14 14 14 
14 14 14 14 14 14 
14 14 14 14 14 14 
14 14 14 14 14 14 
14 14 14 14 14 14 
14 14 14 14 14 14 
14 14 14 14 14 14 
14 14 14 14 14 14 
14 14 14 14 14 14 
14 14 14 14 14 14 
14 14 14 14 14 14 
14 14 14 14 14 14 
14 14 14 14 14 14 
14 14 14 14 14 14 
14 14 14 14 14 14 
14 14 14 14 14 14 
14 14 14 14 14 14 
14 14 14 14 14 14 
14 14 14 14 14 14 
14 14 14 14 14 14 
14 14 14 14 14 14 
14 14 14 14 14 14 
14 14 14 14 14 14 
14 14 14 14 14 14 
14 14 14 14 14 14 
att
1 1 1 0 0 0 
0 1 1 0 0 0 
0 1 1 0 0 0 
0 0 1 0 0 0 
0 0 1 0 0 0 
0 1 0 0 0 0 
0 0 1 0 0 0 
0 0 0 1 1 1 
0 0 0 0 1 1 
0 0 0 0 1 1 
0 0 0 1 1 0 
0 0 0 1 1 1 
0 0 0 1 1 1 
0 0 0 1 1 0 
0 0 0 1 0 1 
0 0 0 1 1 1 
0 0 0 1 0 1 
0 0 0 1 0 1 
0 0 0 1 1 0 
0 0 0 1 1 1 
