nbServi = 6 ;
nbVehi = 20 ;
nbCust = 70 ;
nbSynch = 30 ;
e
0 182 412 423 358 327 105 151 406 462 427 452 308 32 200 2 132 469 396 262 108 395 329 22 283 259 423 153 183 329 41 142 3 114 350 345 457 382 65 24 73 348 46 275 222 141 256 146 41 64 108 104 29 413 180 13 422 478 9 106 214 406 288 366 462 469 15 477 261 36 389 7 344 267 35 279 302 115 411 418 263 325 3 191 224 336 374 278 134 362 7 401 85 334 163 463 363 4 290 343 462 
l
600 302 532 543 478 447 225 271 526 582 547 572 428 152 320 122 252 589 516 382 228 515 449 142 403 379 543 273 303 449 161 262 123 234 470 465 577 502 185 144 193 468 166 395 342 261 376 266 161 184 228 224 149 533 300 133 542 598 129 226 334 526 408 486 582 589 135 597 381 156 509 127 464 387 155 399 422 235 531 538 383 445 123 311 344 456 494 398 254 482 127 521 205 454 283 583 483 124 410 463 582 
cx
62 3 67 11 62 92 52 62 69 62 75 22 39 33 69 82 94 45 82 84 28 95 61 6 64 44 53 73 58 86 86 26 9 77 36 27 47 59 75 98 45 11 76 98 82 1 94 63 84 23 86 66 70 93 49 29 10 38 97 83 16 16 8 86 9 76 3 55 29 83 52 33 20 25 8 69 52 85 28 63 77 51 88 19 83 16 83 40 12 29 32 52 90 47 71 53 9 64 80 29 0 
cy
40 35 9 45 47 1 18 4 41 28 3 25 5 30 9 33 21 35 33 27 26 39 21 17 45 30 24 14 13 24 49 46 20 34 27 37 18 34 24 3 8 1 27 13 16 31 3 36 27 42 7 2 30 26 9 7 13 22 17 16 41 12 22 0 17 44 32 21 48 33 44 15 47 16 23 3 37 18 39 18 23 14 16 8 12 20 35 22 7 28 28 38 42 42 49 11 39 44 29 5 0 
s
1 1 1 1 1 1 
0 0 1 0 0 0 
0 0 0 0 1 0 
0 0 0 1 0 0 
0 0 0 0 1 0 
0 0 0 1 0 0 
0 0 0 1 0 0 
0 1 0 0 0 0 
0 0 0 0 1 0 
1 0 0 0 0 0 
0 1 0 0 0 0 
0 0 1 0 0 0 
0 0 1 0 0 0 
0 0 1 0 0 0 
0 0 1 0 0 0 
0 0 1 0 0 0 
1 0 0 0 0 0 
0 1 0 0 0 0 
1 0 0 0 0 0 
0 0 0 0 1 0 
1 0 0 0 0 0 
0 0 0 0 0 1 
0 0 0 0 0 1 
0 0 0 0 1 0 
0 1 0 0 0 0 
0 1 0 0 0 0 
0 0 0 1 0 0 
0 0 0 1 0 0 
0 0 0 1 0 0 
0 0 0 0 0 1 
0 0 0 0 0 1 
0 0 0 0 1 0 
0 0 0 1 0 0 
1 0 0 0 0 0 
0 0 1 0 0 0 
0 0 0 1 0 0 
0 1 0 0 0 0 
0 0 0 0 1 0 
0 0 0 0 0 1 
1 0 0 0 0 0 
0 1 0 0 0 0 
1 0 0 0 0 0 
0 0 0 0 1 0 
0 0 0 0 0 1 
1 0 0 0 0 0 
0 0 0 1 0 0 
0 0 0 0 1 0 
0 0 1 0 0 0 
0 0 0 0 0 1 
0 0 0 0 1 0 
1 0 0 0 0 0 
0 0 1 0 0 0 
0 0 0 0 0 1 
0 0 0 0 0 1 
1 0 0 0 0 0 
0 1 0 0 0 0 
0 0 1 0 0 0 
0 0 0 0 1 0 
0 0 0 1 0 0 
0 0 0 0 1 0 
0 0 0 0 1 0 
0 0 0 0 1 0 
1 0 0 0 0 0 
1 0 0 0 0 0 
1 0 0 0 0 0 
0 1 0 0 0 0 
0 0 0 1 0 0 
0 0 0 1 0 0 
0 0 0 1 0 0 
1 0 0 0 0 0 
0 0 0 0 0 1 
0 0 0 0 1 1 
0 0 0 1 0 1 
0 0 0 1 0 1 
0 0 0 1 1 0 
0 0 0 0 1 1 
0 0 0 1 1 0 
0 0 0 1 0 1 
0 0 0 0 1 1 
0 0 0 0 1 1 
0 0 0 1 1 0 
0 0 0 0 1 1 
0 0 0 1 1 0 
0 0 0 1 1 0 
0 0 0 1 0 1 
0 0 0 0 1 1 
0 1 0 0 0 1 
0 0 1 0 0 1 
0 1 0 1 0 0 
1 0 0 1 0 0 
1 0 0 1 0 0 
1 0 0 0 0 1 
0 0 1 0 0 1 
0 0 1 0 1 0 
1 0 0 0 0 1 
0 0 1 1 0 0 
0 1 0 0 1 0 
1 0 0 1 0 0 
0 1 0 1 0 0 
0 1 0 0 1 0 
0 1 0 0 1 0 
delta
12 24 
33 66 
59 118 
40 80 
5 10 
51 102 
19 38 
55 110 
8 16 
27 54 
20 40 
31 62 
42 84 
30 60 
59 118 
6 12 
16 32 
60 120 
51 102 
21 42 
37 74 
21 42 
46 92 
14 28 
19 38 
1 2 
60 120 
58 116 
11 22 
4 8 
45 90 
31 62 
21 42 
33 66 
6 12 
7 14 
51 102 
34 68 
26 52 
51 102 
23 46 
17 34 
2 4 
36 72 
15 30 
36 72 
20 40 
38 76 
45 90 
54 108 
29 58 
31 62 
14 28 
47 94 
20 40 
12 24 
34 68 
30 60 
35 70 
52 104 
38 76 
3 6 
60 120 
41 82 
5 10 
19 38 
13 26 
59 118 
17 34 
55 110 
51 102 
0 0 
0 0 
0 0 
0 0 
0 0 
0 0 
0 0 
0 0 
0 0 
0 0 
0 0 
0 0 
0 0 
0 0 
0 0 
46 92 
55 110 
49 98 
41 82 
51 102 
56 112 
60 120 
52 104 
49 98 
38 76 
22 44 
42 84 
7 14 
53 106 
60 120 
p
0 0 0 0 0 0 
0 0 0 0 0 0 
0 0 0 0 0 0 
0 0 0 0 0 0 
0 0 0 0 0 0 
0 0 0 0 0 0 
0 0 0 0 0 0 
0 0 0 0 0 0 
0 0 0 0 0 0 
0 0 0 0 0 0 
0 0 0 0 0 0 
0 0 0 0 0 0 
0 0 0 0 0 0 
0 0 0 0 0 0 
0 0 0 0 0 0 
0 0 0 0 0 0 
0 0 0 0 0 0 
0 0 0 0 0 0 
0 0 0 0 0 0 
0 0 0 0 0 0 
17 17 17 17 17 17 
17 17 17 17 17 17 
17 17 17 17 17 17 
17 17 17 17 17 17 
17 17 17 17 17 17 
17 17 17 17 17 17 
17 17 17 17 17 17 
17 17 17 17 17 17 
17 17 17 17 17 17 
17 17 17 17 17 17 
17 17 17 17 17 17 
17 17 17 17 17 17 
17 17 17 17 17 17 
17 17 17 17 17 17 
17 17 17 17 17 17 
17 17 17 17 17 17 
17 17 17 17 17 17 
17 17 17 17 17 17 
17 17 17 17 17 17 
17 17 17 17 17 17 
17 17 17 17 17 17 
17 17 17 17 17 17 
17 17 17 17 17 17 
17 17 17 17 17 17 
17 17 17 17 17 17 
17 17 17 17 17 17 
17 17 17 17 17 17 
17 17 17 17 17 17 
17 17 17 17 17 17 
17 17 17 17 17 17 
17 17 17 17 17 17 
17 17 17 17 17 17 
17 17 17 17 17 17 
17 17 17 17 17 17 
17 17 17 17 17 17 
17 17 17 17 17 17 
17 17 17 17 17 17 
17 17 17 17 17 17 
17 17 17 17 17 17 
17 17 17 17 17 17 
17 17 17 17 17 17 
17 17 17 17 17 17 
17 17 17 17 17 17 
17 17 17 17 17 17 
17 17 17 17 17 17 
17 17 17 17 17 17 
17 17 17 17 17 17 
17 17 17 17 17 17 
17 17 17 17 17 17 
17 17 17 17 17 17 
17 17 17 17 17 17 
17 17 17 17 17 17 
17 17 17 17 17 17 
17 17 17 17 17 17 
17 17 17 17 17 17 
17 17 17 17 17 17 
17 17 17 17 17 17 
17 17 17 17 17 17 
17 17 17 17 17 17 
17 17 17 17 17 17 
17 17 17 17 17 17 
17 17 17 17 17 17 
17 17 17 17 17 17 
17 17 17 17 17 17 
17 17 17 17 17 17 
17 17 17 17 17 17 
17 17 17 17 17 17 
17 17 17 17 17 17 
17 17 17 17 17 17 
17 17 17 17 17 17 
17 17 17 17 17 17 
17 17 17 17 17 17 
17 17 17 17 17 17 
17 17 17 17 17 17 
17 17 17 17 17 17 
17 17 17 17 17 17 
17 17 17 17 17 17 
17 17 17 17 17 17 
17 17 17 17 17 17 
17 17 17 17 17 17 
17 17 17 17 17 17 
17 17 17 17 17 17 
17 17 17 17 17 17 
17 17 17 17 17 17 
17 17 17 17 17 17 
17 17 17 17 17 17 
17 17 17 17 17 17 
17 17 17 17 17 17 
17 17 17 17 17 17 
17 17 17 17 17 17 
17 17 17 17 17 17 
17 17 17 17 17 17 
17 17 17 17 17 17 
17 17 17 17 17 17 
17 17 17 17 17 17 
17 17 17 17 17 17 
17 17 17 17 17 17 
17 17 17 17 17 17 
17 17 17 17 17 17 
17 17 17 17 17 17 
17 17 17 17 17 17 
17 17 17 17 17 17 
17 17 17 17 17 17 
17 17 17 17 17 17 
17 17 17 17 17 17 
17 17 17 17 17 17 
17 17 17 17 17 17 
17 17 17 17 17 17 
17 17 17 17 17 17 
17 17 17 17 17 17 
17 17 17 17 17 17 
17 17 17 17 17 17 
17 17 17 17 17 17 
17 17 17 17 17 17 
17 17 17 17 17 17 
17 17 17 17 17 17 
17 17 17 17 17 17 
17 17 17 17 17 17 
17 17 17 17 17 17 
17 17 17 17 17 17 
17 17 17 17 17 17 
17 17 17 17 17 17 
17 17 17 17 17 17 
17 17 17 17 17 17 
17 17 17 17 17 17 
17 17 17 17 17 17 
17 17 17 17 17 17 
17 17 17 17 17 17 
17 17 17 17 17 17 
17 17 17 17 17 17 
17 17 17 17 17 17 
17 17 17 17 17 17 
17 17 17 17 17 17 
17 17 17 17 17 17 
17 17 17 17 17 17 
17 17 17 17 17 17 
17 17 17 17 17 17 
17 17 17 17 17 17 
17 17 17 17 17 17 
17 17 17 17 17 17 
17 17 17 17 17 17 
17 17 17 17 17 17 
17 17 17 17 17 17 
17 17 17 17 17 17 
17 17 17 17 17 17 
17 17 17 17 17 17 
17 17 17 17 17 17 
17 17 17 17 17 17 
17 17 17 17 17 17 
17 17 17 17 17 17 
17 17 17 17 17 17 
17 17 17 17 17 17 
17 17 17 17 17 17 
17 17 17 17 17 17 
17 17 17 17 17 17 
17 17 17 17 17 17 
17 17 17 17 17 17 
17 17 17 17 17 17 
17 17 17 17 17 17 
17 17 17 17 17 17 
17 17 17 17 17 17 
17 17 17 17 17 17 
17 17 17 17 17 17 
17 17 17 17 17 17 
17 17 17 17 17 17 
17 17 17 17 17 17 
17 17 17 17 17 17 
17 17 17 17 17 17 
17 17 17 17 17 17 
17 17 17 17 17 17 
17 17 17 17 17 17 
17 17 17 17 17 17 
17 17 17 17 17 17 
17 17 17 17 17 17 
17 17 17 17 17 17 
17 17 17 17 17 17 
17 17 17 17 17 17 
17 17 17 17 17 17 
17 17 17 17 17 17 
17 17 17 17 17 17 
17 17 17 17 17 17 
17 17 17 17 17 17 
17 17 17 17 17 17 
17 17 17 17 17 17 
17 17 17 17 17 17 
17 17 17 17 17 17 
17 17 17 17 17 17 
17 17 17 17 17 17 
17 17 17 17 17 17 
17 17 17 17 17 17 
17 17 17 17 17 17 
17 17 17 17 17 17 
17 17 17 17 17 17 
17 17 17 17 17 17 
17 17 17 17 17 17 
17 17 17 17 17 17 
17 17 17 17 17 17 
17 17 17 17 17 17 
17 17 17 17 17 17 
17 17 17 17 17 17 
17 17 17 17 17 17 
17 17 17 17 17 17 
17 17 17 17 17 17 
17 17 17 17 17 17 
17 17 17 17 17 17 
17 17 17 17 17 17 
17 17 17 17 17 17 
17 17 17 17 17 17 
17 17 17 17 17 17 
17 17 17 17 17 17 
17 17 17 17 17 17 
17 17 17 17 17 17 
17 17 17 17 17 17 
17 17 17 17 17 17 
17 17 17 17 17 17 
17 17 17 17 17 17 
17 17 17 17 17 17 
17 17 17 17 17 17 
17 17 17 17 17 17 
17 17 17 17 17 17 
17 17 17 17 17 17 
17 17 17 17 17 17 
17 17 17 17 17 17 
17 17 17 17 17 17 
17 17 17 17 17 17 
17 17 17 17 17 17 
17 17 17 17 17 17 
17 17 17 17 17 17 
17 17 17 17 17 17 
17 17 17 17 17 17 
17 17 17 17 17 17 
17 17 17 17 17 17 
17 17 17 17 17 17 
17 17 17 17 17 17 
17 17 17 17 17 17 
17 17 17 17 17 17 
17 17 17 17 17 17 
17 17 17 17 17 17 
17 17 17 17 17 17 
17 17 17 17 17 17 
17 17 17 17 17 17 
17 17 17 17 17 17 
17 17 17 17 17 17 
17 17 17 17 17 17 
17 17 17 17 17 17 
17 17 17 17 17 17 
17 17 17 17 17 17 
17 17 17 17 17 17 
17 17 17 17 17 17 
17 17 17 17 17 17 
17 17 17 17 17 17 
17 17 17 17 17 17 
17 17 17 17 17 17 
17 17 17 17 17 17 
17 17 17 17 17 17 
17 17 17 17 17 17 
17 17 17 17 17 17 
17 17 17 17 17 17 
17 17 17 17 17 17 
17 17 17 17 17 17 
17 17 17 17 17 17 
17 17 17 17 17 17 
17 17 17 17 17 17 
17 17 17 17 17 17 
17 17 17 17 17 17 
17 17 17 17 17 17 
17 17 17 17 17 17 
17 17 17 17 17 17 
17 17 17 17 17 17 
17 17 17 17 17 17 
17 17 17 17 17 17 
17 17 17 17 17 17 
17 17 17 17 17 17 
17 17 17 17 17 17 
17 17 17 17 17 17 
17 17 17 17 17 17 
17 17 17 17 17 17 
17 17 17 17 17 17 
17 17 17 17 17 17 
17 17 17 17 17 17 
17 17 17 17 17 17 
17 17 17 17 17 17 
17 17 17 17 17 17 
17 17 17 17 17 17 
17 17 17 17 17 17 
17 17 17 17 17 17 
17 17 17 17 17 17 
17 17 17 17 17 17 
17 17 17 17 17 17 
17 17 17 17 17 17 
17 17 17 17 17 17 
17 17 17 17 17 17 
17 17 17 17 17 17 
17 17 17 17 17 17 
17 17 17 17 17 17 
17 17 17 17 17 17 
17 17 17 17 17 17 
17 17 17 17 17 17 
17 17 17 17 17 17 
17 17 17 17 17 17 
17 17 17 17 17 17 
17 17 17 17 17 17 
17 17 17 17 17 17 
17 17 17 17 17 17 
17 17 17 17 17 17 
17 17 17 17 17 17 
17 17 17 17 17 17 
17 17 17 17 17 17 
17 17 17 17 17 17 
17 17 17 17 17 17 
17 17 17 17 17 17 
17 17 17 17 17 17 
17 17 17 17 17 17 
17 17 17 17 17 17 
17 17 17 17 17 17 
17 17 17 17 17 17 
17 17 17 17 17 17 
17 17 17 17 17 17 
17 17 17 17 17 17 
17 17 17 17 17 17 
17 17 17 17 17 17 
17 17 17 17 17 17 
17 17 17 17 17 17 
17 17 17 17 17 17 
17 17 17 17 17 17 
17 17 17 17 17 17 
17 17 17 17 17 17 
17 17 17 17 17 17 
17 17 17 17 17 17 
17 17 17 17 17 17 
17 17 17 17 17 17 
17 17 17 17 17 17 
17 17 17 17 17 17 
17 17 17 17 17 17 
17 17 17 17 17 17 
17 17 17 17 17 17 
17 17 17 17 17 17 
17 17 17 17 17 17 
17 17 17 17 17 17 
17 17 17 17 17 17 
17 17 17 17 17 17 
17 17 17 17 17 17 
17 17 17 17 17 17 
17 17 17 17 17 17 
17 17 17 17 17 17 
17 17 17 17 17 17 
17 17 17 17 17 17 
17 17 17 17 17 17 
17 17 17 17 17 17 
17 17 17 17 17 17 
17 17 17 17 17 17 
17 17 17 17 17 17 
17 17 17 17 17 17 
17 17 17 17 17 17 
17 17 17 17 17 17 
17 17 17 17 17 17 
17 17 17 17 17 17 
17 17 17 17 17 17 
17 17 17 17 17 17 
17 17 17 17 17 17 
17 17 17 17 17 17 
17 17 17 17 17 17 
17 17 17 17 17 17 
17 17 17 17 17 17 
17 17 17 17 17 17 
17 17 17 17 17 17 
17 17 17 17 17 17 
17 17 17 17 17 17 
17 17 17 17 17 17 
17 17 17 17 17 17 
17 17 17 17 17 17 
17 17 17 17 17 17 
17 17 17 17 17 17 
17 17 17 17 17 17 
17 17 17 17 17 17 
17 17 17 17 17 17 
17 17 17 17 17 17 
17 17 17 17 17 17 
17 17 17 17 17 17 
17 17 17 17 17 17 
17 17 17 17 17 17 
17 17 17 17 17 17 
17 17 17 17 17 17 
17 17 17 17 17 17 
17 17 17 17 17 17 
17 17 17 17 17 17 
17 17 17 17 17 17 
17 17 17 17 17 17 
17 17 17 17 17 17 
17 17 17 17 17 17 
17 17 17 17 17 17 
17 17 17 17 17 17 
17 17 17 17 17 17 
17 17 17 17 17 17 
17 17 17 17 17 17 
17 17 17 17 17 17 
17 17 17 17 17 17 
17 17 17 17 17 17 
17 17 17 17 17 17 
17 17 17 17 17 17 
17 17 17 17 17 17 
17 17 17 17 17 17 
17 17 17 17 17 17 
17 17 17 17 17 17 
17 17 17 17 17 17 
17 17 17 17 17 17 
17 17 17 17 17 17 
17 17 17 17 17 17 
17 17 17 17 17 17 
17 17 17 17 17 17 
17 17 17 17 17 17 
17 17 17 17 17 17 
17 17 17 17 17 17 
17 17 17 17 17 17 
17 17 17 17 17 17 
17 17 17 17 17 17 
17 17 17 17 17 17 
17 17 17 17 17 17 
17 17 17 17 17 17 
17 17 17 17 17 17 
17 17 17 17 17 17 
17 17 17 17 17 17 
17 17 17 17 17 17 
17 17 17 17 17 17 
17 17 17 17 17 17 
17 17 17 17 17 17 
17 17 17 17 17 17 
17 17 17 17 17 17 
17 17 17 17 17 17 
17 17 17 17 17 17 
17 17 17 17 17 17 
17 17 17 17 17 17 
17 17 17 17 17 17 
17 17 17 17 17 17 
17 17 17 17 17 17 
17 17 17 17 17 17 
17 17 17 17 17 17 
17 17 17 17 17 17 
17 17 17 17 17 17 
17 17 17 17 17 17 
17 17 17 17 17 17 
17 17 17 17 17 17 
17 17 17 17 17 17 
17 17 17 17 17 17 
17 17 17 17 17 17 
17 17 17 17 17 17 
17 17 17 17 17 17 
17 17 17 17 17 17 
17 17 17 17 17 17 
17 17 17 17 17 17 
17 17 17 17 17 17 
17 17 17 17 17 17 
17 17 17 17 17 17 
17 17 17 17 17 17 
17 17 17 17 17 17 
17 17 17 17 17 17 
17 17 17 17 17 17 
17 17 17 17 17 17 
17 17 17 17 17 17 
17 17 17 17 17 17 
17 17 17 17 17 17 
17 17 17 17 17 17 
17 17 17 17 17 17 
17 17 17 17 17 17 
17 17 17 17 17 17 
17 17 17 17 17 17 
17 17 17 17 17 17 
17 17 17 17 17 17 
17 17 17 17 17 17 
17 17 17 17 17 17 
17 17 17 17 17 17 
17 17 17 17 17 17 
17 17 17 17 17 17 
17 17 17 17 17 17 
17 17 17 17 17 17 
17 17 17 17 17 17 
17 17 17 17 17 17 
17 17 17 17 17 17 
17 17 17 17 17 17 
17 17 17 17 17 17 
17 17 17 17 17 17 
17 17 17 17 17 17 
17 17 17 17 17 17 
17 17 17 17 17 17 
17 17 17 17 17 17 
17 17 17 17 17 17 
17 17 17 17 17 17 
17 17 17 17 17 17 
17 17 17 17 17 17 
17 17 17 17 17 17 
17 17 17 17 17 17 
17 17 17 17 17 17 
17 17 17 17 17 17 
17 17 17 17 17 17 
17 17 17 17 17 17 
17 17 17 17 17 17 
17 17 17 17 17 17 
17 17 17 17 17 17 
17 17 17 17 17 17 
17 17 17 17 17 17 
17 17 17 17 17 17 
17 17 17 17 17 17 
17 17 17 17 17 17 
17 17 17 17 17 17 
17 17 17 17 17 17 
17 17 17 17 17 17 
17 17 17 17 17 17 
17 17 17 17 17 17 
17 17 17 17 17 17 
17 17 17 17 17 17 
17 17 17 17 17 17 
17 17 17 17 17 17 
17 17 17 17 17 17 
17 17 17 17 17 17 
17 17 17 17 17 17 
17 17 17 17 17 17 
17 17 17 17 17 17 
17 17 17 17 17 17 
17 17 17 17 17 17 
17 17 17 17 17 17 
17 17 17 17 17 17 
17 17 17 17 17 17 
17 17 17 17 17 17 
17 17 17 17 17 17 
17 17 17 17 17 17 
17 17 17 17 17 17 
17 17 17 17 17 17 
17 17 17 17 17 17 
17 17 17 17 17 17 
17 17 17 17 17 17 
17 17 17 17 17 17 
17 17 17 17 17 17 
17 17 17 17 17 17 
17 17 17 17 17 17 
17 17 17 17 17 17 
17 17 17 17 17 17 
17 17 17 17 17 17 
17 17 17 17 17 17 
17 17 17 17 17 17 
17 17 17 17 17 17 
17 17 17 17 17 17 
17 17 17 17 17 17 
17 17 17 17 17 17 
17 17 17 17 17 17 
17 17 17 17 17 17 
17 17 17 17 17 17 
17 17 17 17 17 17 
17 17 17 17 17 17 
17 17 17 17 17 17 
17 17 17 17 17 17 
17 17 17 17 17 17 
17 17 17 17 17 17 
17 17 17 17 17 17 
17 17 17 17 17 17 
17 17 17 17 17 17 
17 17 17 17 17 17 
17 17 17 17 17 17 
17 17 17 17 17 17 
17 17 17 17 17 17 
17 17 17 17 17 17 
17 17 17 17 17 17 
17 17 17 17 17 17 
17 17 17 17 17 17 
17 17 17 17 17 17 
17 17 17 17 17 17 
17 17 17 17 17 17 
17 17 17 17 17 17 
17 17 17 17 17 17 
17 17 17 17 17 17 
17 17 17 17 17 17 
17 17 17 17 17 17 
17 17 17 17 17 17 
17 17 17 17 17 17 
17 17 17 17 17 17 
17 17 17 17 17 17 
17 17 17 17 17 17 
17 17 17 17 17 17 
17 17 17 17 17 17 
17 17 17 17 17 17 
17 17 17 17 17 17 
17 17 17 17 17 17 
17 17 17 17 17 17 
17 17 17 17 17 17 
17 17 17 17 17 17 
17 17 17 17 17 17 
17 17 17 17 17 17 
17 17 17 17 17 17 
17 17 17 17 17 17 
17 17 17 17 17 17 
17 17 17 17 17 17 
17 17 17 17 17 17 
17 17 17 17 17 17 
17 17 17 17 17 17 
17 17 17 17 17 17 
17 17 17 17 17 17 
17 17 17 17 17 17 
17 17 17 17 17 17 
17 17 17 17 17 17 
17 17 17 17 17 17 
17 17 17 17 17 17 
17 17 17 17 17 17 
17 17 17 17 17 17 
17 17 17 17 17 17 
17 17 17 17 17 17 
17 17 17 17 17 17 
17 17 17 17 17 17 
17 17 17 17 17 17 
17 17 17 17 17 17 
17 17 17 17 17 17 
17 17 17 17 17 17 
17 17 17 17 17 17 
17 17 17 17 17 17 
17 17 17 17 17 17 
17 17 17 17 17 17 
17 17 17 17 17 17 
17 17 17 17 17 17 
17 17 17 17 17 17 
17 17 17 17 17 17 
17 17 17 17 17 17 
17 17 17 17 17 17 
17 17 17 17 17 17 
17 17 17 17 17 17 
17 17 17 17 17 17 
17 17 17 17 17 17 
17 17 17 17 17 17 
17 17 17 17 17 17 
17 17 17 17 17 17 
17 17 17 17 17 17 
17 17 17 17 17 17 
17 17 17 17 17 17 
17 17 17 17 17 17 
17 17 17 17 17 17 
17 17 17 17 17 17 
17 17 17 17 17 17 
17 17 17 17 17 17 
17 17 17 17 17 17 
17 17 17 17 17 17 
17 17 17 17 17 17 
17 17 17 17 17 17 
17 17 17 17 17 17 
17 17 17 17 17 17 
17 17 17 17 17 17 
17 17 17 17 17 17 
17 17 17 17 17 17 
17 17 17 17 17 17 
17 17 17 17 17 17 
17 17 17 17 17 17 
17 17 17 17 17 17 
17 17 17 17 17 17 
17 17 17 17 17 17 
17 17 17 17 17 17 
17 17 17 17 17 17 
17 17 17 17 17 17 
17 17 17 17 17 17 
17 17 17 17 17 17 
17 17 17 17 17 17 
17 17 17 17 17 17 
17 17 17 17 17 17 
17 17 17 17 17 17 
17 17 17 17 17 17 
17 17 17 17 17 17 
17 17 17 17 17 17 
17 17 17 17 17 17 
17 17 17 17 17 17 
17 17 17 17 17 17 
17 17 17 17 17 17 
17 17 17 17 17 17 
17 17 17 17 17 17 
17 17 17 17 17 17 
17 17 17 17 17 17 
17 17 17 17 17 17 
17 17 17 17 17 17 
17 17 17 17 17 17 
17 17 17 17 17 17 
17 17 17 17 17 17 
17 17 17 17 17 17 
17 17 17 17 17 17 
17 17 17 17 17 17 
17 17 17 17 17 17 
17 17 17 17 17 17 
17 17 17 17 17 17 
17 17 17 17 17 17 
17 17 17 17 17 17 
17 17 17 17 17 17 
17 17 17 17 17 17 
17 17 17 17 17 17 
17 17 17 17 17 17 
17 17 17 17 17 17 
17 17 17 17 17 17 
17 17 17 17 17 17 
17 17 17 17 17 17 
17 17 17 17 17 17 
17 17 17 17 17 17 
17 17 17 17 17 17 
17 17 17 17 17 17 
17 17 17 17 17 17 
17 17 17 17 17 17 
17 17 17 17 17 17 
17 17 17 17 17 17 
17 17 17 17 17 17 
17 17 17 17 17 17 
17 17 17 17 17 17 
17 17 17 17 17 17 
17 17 17 17 17 17 
17 17 17 17 17 17 
17 17 17 17 17 17 
17 17 17 17 17 17 
17 17 17 17 17 17 
17 17 17 17 17 17 
17 17 17 17 17 17 
17 17 17 17 17 17 
17 17 17 17 17 17 
17 17 17 17 17 17 
17 17 17 17 17 17 
17 17 17 17 17 17 
17 17 17 17 17 17 
17 17 17 17 17 17 
17 17 17 17 17 17 
17 17 17 17 17 17 
17 17 17 17 17 17 
17 17 17 17 17 17 
17 17 17 17 17 17 
17 17 17 17 17 17 
17 17 17 17 17 17 
17 17 17 17 17 17 
17 17 17 17 17 17 
17 17 17 17 17 17 
17 17 17 17 17 17 
17 17 17 17 17 17 
17 17 17 17 17 17 
17 17 17 17 17 17 
17 17 17 17 17 17 
17 17 17 17 17 17 
17 17 17 17 17 17 
17 17 17 17 17 17 
17 17 17 17 17 17 
17 17 17 17 17 17 
17 17 17 17 17 17 
17 17 17 17 17 17 
17 17 17 17 17 17 
17 17 17 17 17 17 
17 17 17 17 17 17 
17 17 17 17 17 17 
17 17 17 17 17 17 
17 17 17 17 17 17 
17 17 17 17 17 17 
17 17 17 17 17 17 
17 17 17 17 17 17 
17 17 17 17 17 17 
17 17 17 17 17 17 
17 17 17 17 17 17 
17 17 17 17 17 17 
17 17 17 17 17 17 
17 17 17 17 17 17 
17 17 17 17 17 17 
17 17 17 17 17 17 
17 17 17 17 17 17 
17 17 17 17 17 17 
17 17 17 17 17 17 
17 17 17 17 17 17 
17 17 17 17 17 17 
17 17 17 17 17 17 
17 17 17 17 17 17 
17 17 17 17 17 17 
17 17 17 17 17 17 
17 17 17 17 17 17 
17 17 17 17 17 17 
17 17 17 17 17 17 
17 17 17 17 17 17 
17 17 17 17 17 17 
17 17 17 17 17 17 
17 17 17 17 17 17 
17 17 17 17 17 17 
17 17 17 17 17 17 
17 17 17 17 17 17 
17 17 17 17 17 17 
17 17 17 17 17 17 
17 17 17 17 17 17 
17 17 17 17 17 17 
17 17 17 17 17 17 
17 17 17 17 17 17 
17 17 17 17 17 17 
17 17 17 17 17 17 
17 17 17 17 17 17 
17 17 17 17 17 17 
17 17 17 17 17 17 
17 17 17 17 17 17 
17 17 17 17 17 17 
17 17 17 17 17 17 
17 17 17 17 17 17 
17 17 17 17 17 17 
17 17 17 17 17 17 
17 17 17 17 17 17 
17 17 17 17 17 17 
17 17 17 17 17 17 
17 17 17 17 17 17 
17 17 17 17 17 17 
17 17 17 17 17 17 
17 17 17 17 17 17 
17 17 17 17 17 17 
17 17 17 17 17 17 
17 17 17 17 17 17 
17 17 17 17 17 17 
17 17 17 17 17 17 
17 17 17 17 17 17 
17 17 17 17 17 17 
17 17 17 17 17 17 
17 17 17 17 17 17 
17 17 17 17 17 17 
17 17 17 17 17 17 
17 17 17 17 17 17 
17 17 17 17 17 17 
17 17 17 17 17 17 
17 17 17 17 17 17 
17 17 17 17 17 17 
17 17 17 17 17 17 
17 17 17 17 17 17 
17 17 17 17 17 17 
17 17 17 17 17 17 
17 17 17 17 17 17 
17 17 17 17 17 17 
17 17 17 17 17 17 
17 17 17 17 17 17 
17 17 17 17 17 17 
17 17 17 17 17 17 
17 17 17 17 17 17 
17 17 17 17 17 17 
17 17 17 17 17 17 
17 17 17 17 17 17 
17 17 17 17 17 17 
17 17 17 17 17 17 
17 17 17 17 17 17 
17 17 17 17 17 17 
17 17 17 17 17 17 
17 17 17 17 17 17 
17 17 17 17 17 17 
17 17 17 17 17 17 
17 17 17 17 17 17 
17 17 17 17 17 17 
17 17 17 17 17 17 
17 17 17 17 17 17 
17 17 17 17 17 17 
17 17 17 17 17 17 
17 17 17 17 17 17 
17 17 17 17 17 17 
17 17 17 17 17 17 
17 17 17 17 17 17 
17 17 17 17 17 17 
17 17 17 17 17 17 
17 17 17 17 17 17 
17 17 17 17 17 17 
17 17 17 17 17 17 
17 17 17 17 17 17 
17 17 17 17 17 17 
17 17 17 17 17 17 
17 17 17 17 17 17 
17 17 17 17 17 17 
17 17 17 17 17 17 
17 17 17 17 17 17 
17 17 17 17 17 17 
17 17 17 17 17 17 
17 17 17 17 17 17 
17 17 17 17 17 17 
17 17 17 17 17 17 
17 17 17 17 17 17 
17 17 17 17 17 17 
17 17 17 17 17 17 
17 17 17 17 17 17 
17 17 17 17 17 17 
17 17 17 17 17 17 
17 17 17 17 17 17 
17 17 17 17 17 17 
17 17 17 17 17 17 
17 17 17 17 17 17 
17 17 17 17 17 17 
17 17 17 17 17 17 
17 17 17 17 17 17 
17 17 17 17 17 17 
17 17 17 17 17 17 
17 17 17 17 17 17 
17 17 17 17 17 17 
17 17 17 17 17 17 
17 17 17 17 17 17 
17 17 17 17 17 17 
17 17 17 17 17 17 
17 17 17 17 17 17 
17 17 17 17 17 17 
17 17 17 17 17 17 
17 17 17 17 17 17 
17 17 17 17 17 17 
17 17 17 17 17 17 
17 17 17 17 17 17 
17 17 17 17 17 17 
17 17 17 17 17 17 
17 17 17 17 17 17 
17 17 17 17 17 17 
17 17 17 17 17 17 
17 17 17 17 17 17 
17 17 17 17 17 17 
17 17 17 17 17 17 
17 17 17 17 17 17 
17 17 17 17 17 17 
17 17 17 17 17 17 
17 17 17 17 17 17 
17 17 17 17 17 17 
17 17 17 17 17 17 
17 17 17 17 17 17 
17 17 17 17 17 17 
17 17 17 17 17 17 
17 17 17 17 17 17 
17 17 17 17 17 17 
17 17 17 17 17 17 
17 17 17 17 17 17 
17 17 17 17 17 17 
17 17 17 17 17 17 
17 17 17 17 17 17 
17 17 17 17 17 17 
17 17 17 17 17 17 
17 17 17 17 17 17 
17 17 17 17 17 17 
17 17 17 17 17 17 
17 17 17 17 17 17 
17 17 17 17 17 17 
17 17 17 17 17 17 
17 17 17 17 17 17 
17 17 17 17 17 17 
17 17 17 17 17 17 
17 17 17 17 17 17 
17 17 17 17 17 17 
17 17 17 17 17 17 
17 17 17 17 17 17 
17 17 17 17 17 17 
17 17 17 17 17 17 
17 17 17 17 17 17 
17 17 17 17 17 17 
17 17 17 17 17 17 
17 17 17 17 17 17 
17 17 17 17 17 17 
17 17 17 17 17 17 
17 17 17 17 17 17 
17 17 17 17 17 17 
17 17 17 17 17 17 
17 17 17 17 17 17 
17 17 17 17 17 17 
17 17 17 17 17 17 
17 17 17 17 17 17 
17 17 17 17 17 17 
17 17 17 17 17 17 
17 17 17 17 17 17 
17 17 17 17 17 17 
17 17 17 17 17 17 
17 17 17 17 17 17 
17 17 17 17 17 17 
17 17 17 17 17 17 
17 17 17 17 17 17 
17 17 17 17 17 17 
17 17 17 17 17 17 
17 17 17 17 17 17 
17 17 17 17 17 17 
17 17 17 17 17 17 
17 17 17 17 17 17 
17 17 17 17 17 17 
17 17 17 17 17 17 
17 17 17 17 17 17 
17 17 17 17 17 17 
17 17 17 17 17 17 
17 17 17 17 17 17 
17 17 17 17 17 17 
17 17 17 17 17 17 
17 17 17 17 17 17 
17 17 17 17 17 17 
17 17 17 17 17 17 
17 17 17 17 17 17 
17 17 17 17 17 17 
17 17 17 17 17 17 
17 17 17 17 17 17 
17 17 17 17 17 17 
17 17 17 17 17 17 
17 17 17 17 17 17 
17 17 17 17 17 17 
17 17 17 17 17 17 
17 17 17 17 17 17 
17 17 17 17 17 17 
17 17 17 17 17 17 
17 17 17 17 17 17 
17 17 17 17 17 17 
17 17 17 17 17 17 
17 17 17 17 17 17 
17 17 17 17 17 17 
17 17 17 17 17 17 
17 17 17 17 17 17 
17 17 17 17 17 17 
17 17 17 17 17 17 
17 17 17 17 17 17 
17 17 17 17 17 17 
17 17 17 17 17 17 
17 17 17 17 17 17 
17 17 17 17 17 17 
17 17 17 17 17 17 
17 17 17 17 17 17 
17 17 17 17 17 17 
17 17 17 17 17 17 
17 17 17 17 17 17 
17 17 17 17 17 17 
17 17 17 17 17 17 
17 17 17 17 17 17 
17 17 17 17 17 17 
17 17 17 17 17 17 
17 17 17 17 17 17 
17 17 17 17 17 17 
17 17 17 17 17 17 
17 17 17 17 17 17 
17 17 17 17 17 17 
17 17 17 17 17 17 
17 17 17 17 17 17 
17 17 17 17 17 17 
17 17 17 17 17 17 
17 17 17 17 17 17 
17 17 17 17 17 17 
17 17 17 17 17 17 
17 17 17 17 17 17 
17 17 17 17 17 17 
17 17 17 17 17 17 
17 17 17 17 17 17 
17 17 17 17 17 17 
17 17 17 17 17 17 
17 17 17 17 17 17 
17 17 17 17 17 17 
17 17 17 17 17 17 
17 17 17 17 17 17 
17 17 17 17 17 17 
17 17 17 17 17 17 
17 17 17 17 17 17 
17 17 17 17 17 17 
17 17 17 17 17 17 
17 17 17 17 17 17 
17 17 17 17 17 17 
17 17 17 17 17 17 
17 17 17 17 17 17 
17 17 17 17 17 17 
17 17 17 17 17 17 
17 17 17 17 17 17 
17 17 17 17 17 17 
17 17 17 17 17 17 
17 17 17 17 17 17 
17 17 17 17 17 17 
17 17 17 17 17 17 
17 17 17 17 17 17 
17 17 17 17 17 17 
17 17 17 17 17 17 
17 17 17 17 17 17 
17 17 17 17 17 17 
17 17 17 17 17 17 
17 17 17 17 17 17 
17 17 17 17 17 17 
17 17 17 17 17 17 
17 17 17 17 17 17 
17 17 17 17 17 17 
17 17 17 17 17 17 
17 17 17 17 17 17 
17 17 17 17 17 17 
17 17 17 17 17 17 
17 17 17 17 17 17 
17 17 17 17 17 17 
17 17 17 17 17 17 
17 17 17 17 17 17 
17 17 17 17 17 17 
17 17 17 17 17 17 
17 17 17 17 17 17 
17 17 17 17 17 17 
17 17 17 17 17 17 
17 17 17 17 17 17 
17 17 17 17 17 17 
17 17 17 17 17 17 
17 17 17 17 17 17 
17 17 17 17 17 17 
17 17 17 17 17 17 
17 17 17 17 17 17 
17 17 17 17 17 17 
17 17 17 17 17 17 
17 17 17 17 17 17 
17 17 17 17 17 17 
17 17 17 17 17 17 
17 17 17 17 17 17 
17 17 17 17 17 17 
17 17 17 17 17 17 
17 17 17 17 17 17 
17 17 17 17 17 17 
17 17 17 17 17 17 
17 17 17 17 17 17 
17 17 17 17 17 17 
17 17 17 17 17 17 
17 17 17 17 17 17 
17 17 17 17 17 17 
17 17 17 17 17 17 
17 17 17 17 17 17 
17 17 17 17 17 17 
17 17 17 17 17 17 
17 17 17 17 17 17 
17 17 17 17 17 17 
17 17 17 17 17 17 
17 17 17 17 17 17 
17 17 17 17 17 17 
17 17 17 17 17 17 
17 17 17 17 17 17 
17 17 17 17 17 17 
17 17 17 17 17 17 
17 17 17 17 17 17 
17 17 17 17 17 17 
17 17 17 17 17 17 
17 17 17 17 17 17 
17 17 17 17 17 17 
17 17 17 17 17 17 
17 17 17 17 17 17 
17 17 17 17 17 17 
17 17 17 17 17 17 
17 17 17 17 17 17 
17 17 17 17 17 17 
17 17 17 17 17 17 
17 17 17 17 17 17 
17 17 17 17 17 17 
17 17 17 17 17 17 
17 17 17 17 17 17 
17 17 17 17 17 17 
17 17 17 17 17 17 
17 17 17 17 17 17 
17 17 17 17 17 17 
17 17 17 17 17 17 
17 17 17 17 17 17 
17 17 17 17 17 17 
17 17 17 17 17 17 
17 17 17 17 17 17 
17 17 17 17 17 17 
17 17 17 17 17 17 
17 17 17 17 17 17 
17 17 17 17 17 17 
17 17 17 17 17 17 
17 17 17 17 17 17 
17 17 17 17 17 17 
17 17 17 17 17 17 
17 17 17 17 17 17 
17 17 17 17 17 17 
17 17 17 17 17 17 
17 17 17 17 17 17 
17 17 17 17 17 17 
17 17 17 17 17 17 
17 17 17 17 17 17 
17 17 17 17 17 17 
17 17 17 17 17 17 
17 17 17 17 17 17 
17 17 17 17 17 17 
17 17 17 17 17 17 
17 17 17 17 17 17 
17 17 17 17 17 17 
17 17 17 17 17 17 
17 17 17 17 17 17 
17 17 17 17 17 17 
17 17 17 17 17 17 
17 17 17 17 17 17 
17 17 17 17 17 17 
17 17 17 17 17 17 
17 17 17 17 17 17 
17 17 17 17 17 17 
17 17 17 17 17 17 
17 17 17 17 17 17 
17 17 17 17 17 17 
17 17 17 17 17 17 
17 17 17 17 17 17 
17 17 17 17 17 17 
17 17 17 17 17 17 
17 17 17 17 17 17 
17 17 17 17 17 17 
17 17 17 17 17 17 
17 17 17 17 17 17 
17 17 17 17 17 17 
17 17 17 17 17 17 
17 17 17 17 17 17 
17 17 17 17 17 17 
17 17 17 17 17 17 
17 17 17 17 17 17 
17 17 17 17 17 17 
17 17 17 17 17 17 
17 17 17 17 17 17 
17 17 17 17 17 17 
17 17 17 17 17 17 
17 17 17 17 17 17 
17 17 17 17 17 17 
17 17 17 17 17 17 
17 17 17 17 17 17 
17 17 17 17 17 17 
17 17 17 17 17 17 
17 17 17 17 17 17 
17 17 17 17 17 17 
17 17 17 17 17 17 
17 17 17 17 17 17 
17 17 17 17 17 17 
17 17 17 17 17 17 
17 17 17 17 17 17 
17 17 17 17 17 17 
17 17 17 17 17 17 
17 17 17 17 17 17 
17 17 17 17 17 17 
17 17 17 17 17 17 
17 17 17 17 17 17 
17 17 17 17 17 17 
17 17 17 17 17 17 
17 17 17 17 17 17 
17 17 17 17 17 17 
17 17 17 17 17 17 
17 17 17 17 17 17 
17 17 17 17 17 17 
17 17 17 17 17 17 
17 17 17 17 17 17 
17 17 17 17 17 17 
17 17 17 17 17 17 
17 17 17 17 17 17 
17 17 17 17 17 17 
17 17 17 17 17 17 
17 17 17 17 17 17 
17 17 17 17 17 17 
17 17 17 17 17 17 
17 17 17 17 17 17 
17 17 17 17 17 17 
17 17 17 17 17 17 
17 17 17 17 17 17 
17 17 17 17 17 17 
17 17 17 17 17 17 
17 17 17 17 17 17 
17 17 17 17 17 17 
17 17 17 17 17 17 
17 17 17 17 17 17 
17 17 17 17 17 17 
17 17 17 17 17 17 
17 17 17 17 17 17 
17 17 17 17 17 17 
17 17 17 17 17 17 
17 17 17 17 17 17 
17 17 17 17 17 17 
17 17 17 17 17 17 
17 17 17 17 17 17 
17 17 17 17 17 17 
17 17 17 17 17 17 
17 17 17 17 17 17 
17 17 17 17 17 17 
17 17 17 17 17 17 
17 17 17 17 17 17 
17 17 17 17 17 17 
17 17 17 17 17 17 
17 17 17 17 17 17 
17 17 17 17 17 17 
17 17 17 17 17 17 
17 17 17 17 17 17 
17 17 17 17 17 17 
17 17 17 17 17 17 
17 17 17 17 17 17 
17 17 17 17 17 17 
17 17 17 17 17 17 
17 17 17 17 17 17 
17 17 17 17 17 17 
17 17 17 17 17 17 
17 17 17 17 17 17 
17 17 17 17 17 17 
17 17 17 17 17 17 
17 17 17 17 17 17 
17 17 17 17 17 17 
17 17 17 17 17 17 
17 17 17 17 17 17 
17 17 17 17 17 17 
17 17 17 17 17 17 
17 17 17 17 17 17 
17 17 17 17 17 17 
17 17 17 17 17 17 
17 17 17 17 17 17 
17 17 17 17 17 17 
17 17 17 17 17 17 
17 17 17 17 17 17 
17 17 17 17 17 17 
17 17 17 17 17 17 
17 17 17 17 17 17 
17 17 17 17 17 17 
17 17 17 17 17 17 
17 17 17 17 17 17 
17 17 17 17 17 17 
17 17 17 17 17 17 
17 17 17 17 17 17 
17 17 17 17 17 17 
17 17 17 17 17 17 
17 17 17 17 17 17 
17 17 17 17 17 17 
17 17 17 17 17 17 
17 17 17 17 17 17 
17 17 17 17 17 17 
17 17 17 17 17 17 
17 17 17 17 17 17 
17 17 17 17 17 17 
17 17 17 17 17 17 
17 17 17 17 17 17 
17 17 17 17 17 17 
17 17 17 17 17 17 
17 17 17 17 17 17 
17 17 17 17 17 17 
17 17 17 17 17 17 
17 17 17 17 17 17 
17 17 17 17 17 17 
17 17 17 17 17 17 
17 17 17 17 17 17 
17 17 17 17 17 17 
17 17 17 17 17 17 
17 17 17 17 17 17 
17 17 17 17 17 17 
17 17 17 17 17 17 
17 17 17 17 17 17 
17 17 17 17 17 17 
17 17 17 17 17 17 
17 17 17 17 17 17 
17 17 17 17 17 17 
17 17 17 17 17 17 
17 17 17 17 17 17 
17 17 17 17 17 17 
17 17 17 17 17 17 
17 17 17 17 17 17 
17 17 17 17 17 17 
17 17 17 17 17 17 
17 17 17 17 17 17 
17 17 17 17 17 17 
17 17 17 17 17 17 
17 17 17 17 17 17 
17 17 17 17 17 17 
17 17 17 17 17 17 
17 17 17 17 17 17 
17 17 17 17 17 17 
17 17 17 17 17 17 
17 17 17 17 17 17 
17 17 17 17 17 17 
17 17 17 17 17 17 
17 17 17 17 17 17 
17 17 17 17 17 17 
17 17 17 17 17 17 
17 17 17 17 17 17 
17 17 17 17 17 17 
17 17 17 17 17 17 
17 17 17 17 17 17 
17 17 17 17 17 17 
17 17 17 17 17 17 
17 17 17 17 17 17 
17 17 17 17 17 17 
17 17 17 17 17 17 
17 17 17 17 17 17 
17 17 17 17 17 17 
17 17 17 17 17 17 
17 17 17 17 17 17 
17 17 17 17 17 17 
17 17 17 17 17 17 
17 17 17 17 17 17 
17 17 17 17 17 17 
17 17 17 17 17 17 
17 17 17 17 17 17 
17 17 17 17 17 17 
17 17 17 17 17 17 
17 17 17 17 17 17 
17 17 17 17 17 17 
17 17 17 17 17 17 
17 17 17 17 17 17 
17 17 17 17 17 17 
17 17 17 17 17 17 
17 17 17 17 17 17 
17 17 17 17 17 17 
17 17 17 17 17 17 
17 17 17 17 17 17 
17 17 17 17 17 17 
17 17 17 17 17 17 
17 17 17 17 17 17 
17 17 17 17 17 17 
17 17 17 17 17 17 
17 17 17 17 17 17 
17 17 17 17 17 17 
17 17 17 17 17 17 
17 17 17 17 17 17 
17 17 17 17 17 17 
17 17 17 17 17 17 
17 17 17 17 17 17 
17 17 17 17 17 17 
17 17 17 17 17 17 
17 17 17 17 17 17 
17 17 17 17 17 17 
17 17 17 17 17 17 
17 17 17 17 17 17 
17 17 17 17 17 17 
17 17 17 17 17 17 
17 17 17 17 17 17 
17 17 17 17 17 17 
17 17 17 17 17 17 
17 17 17 17 17 17 
17 17 17 17 17 17 
17 17 17 17 17 17 
17 17 17 17 17 17 
17 17 17 17 17 17 
17 17 17 17 17 17 
17 17 17 17 17 17 
17 17 17 17 17 17 
17 17 17 17 17 17 
17 17 17 17 17 17 
17 17 17 17 17 17 
17 17 17 17 17 17 
17 17 17 17 17 17 
17 17 17 17 17 17 
17 17 17 17 17 17 
17 17 17 17 17 17 
17 17 17 17 17 17 
17 17 17 17 17 17 
17 17 17 17 17 17 
17 17 17 17 17 17 
17 17 17 17 17 17 
17 17 17 17 17 17 
17 17 17 17 17 17 
17 17 17 17 17 17 
17 17 17 17 17 17 
17 17 17 17 17 17 
17 17 17 17 17 17 
17 17 17 17 17 17 
17 17 17 17 17 17 
17 17 17 17 17 17 
17 17 17 17 17 17 
17 17 17 17 17 17 
17 17 17 17 17 17 
17 17 17 17 17 17 
17 17 17 17 17 17 
17 17 17 17 17 17 
17 17 17 17 17 17 
17 17 17 17 17 17 
17 17 17 17 17 17 
17 17 17 17 17 17 
17 17 17 17 17 17 
17 17 17 17 17 17 
17 17 17 17 17 17 
17 17 17 17 17 17 
17 17 17 17 17 17 
17 17 17 17 17 17 
17 17 17 17 17 17 
17 17 17 17 17 17 
17 17 17 17 17 17 
17 17 17 17 17 17 
17 17 17 17 17 17 
17 17 17 17 17 17 
17 17 17 17 17 17 
17 17 17 17 17 17 
17 17 17 17 17 17 
17 17 17 17 17 17 
17 17 17 17 17 17 
17 17 17 17 17 17 
17 17 17 17 17 17 
17 17 17 17 17 17 
17 17 17 17 17 17 
17 17 17 17 17 17 
17 17 17 17 17 17 
17 17 17 17 17 17 
17 17 17 17 17 17 
17 17 17 17 17 17 
17 17 17 17 17 17 
17 17 17 17 17 17 
17 17 17 17 17 17 
17 17 17 17 17 17 
17 17 17 17 17 17 
17 17 17 17 17 17 
17 17 17 17 17 17 
17 17 17 17 17 17 
17 17 17 17 17 17 
17 17 17 17 17 17 
17 17 17 17 17 17 
17 17 17 17 17 17 
17 17 17 17 17 17 
17 17 17 17 17 17 
17 17 17 17 17 17 
17 17 17 17 17 17 
17 17 17 17 17 17 
17 17 17 17 17 17 
17 17 17 17 17 17 
17 17 17 17 17 17 
17 17 17 17 17 17 
17 17 17 17 17 17 
17 17 17 17 17 17 
17 17 17 17 17 17 
17 17 17 17 17 17 
17 17 17 17 17 17 
17 17 17 17 17 17 
17 17 17 17 17 17 
17 17 17 17 17 17 
17 17 17 17 17 17 
17 17 17 17 17 17 
17 17 17 17 17 17 
17 17 17 17 17 17 
17 17 17 17 17 17 
17 17 17 17 17 17 
17 17 17 17 17 17 
17 17 17 17 17 17 
17 17 17 17 17 17 
17 17 17 17 17 17 
17 17 17 17 17 17 
17 17 17 17 17 17 
17 17 17 17 17 17 
17 17 17 17 17 17 
17 17 17 17 17 17 
17 17 17 17 17 17 
17 17 17 17 17 17 
17 17 17 17 17 17 
17 17 17 17 17 17 
17 17 17 17 17 17 
17 17 17 17 17 17 
17 17 17 17 17 17 
17 17 17 17 17 17 
17 17 17 17 17 17 
17 17 17 17 17 17 
17 17 17 17 17 17 
17 17 17 17 17 17 
17 17 17 17 17 17 
17 17 17 17 17 17 
17 17 17 17 17 17 
17 17 17 17 17 17 
17 17 17 17 17 17 
17 17 17 17 17 17 
17 17 17 17 17 17 
17 17 17 17 17 17 
17 17 17 17 17 17 
17 17 17 17 17 17 
17 17 17 17 17 17 
17 17 17 17 17 17 
17 17 17 17 17 17 
17 17 17 17 17 17 
17 17 17 17 17 17 
17 17 17 17 17 17 
17 17 17 17 17 17 
17 17 17 17 17 17 
17 17 17 17 17 17 
17 17 17 17 17 17 
17 17 17 17 17 17 
17 17 17 17 17 17 
17 17 17 17 17 17 
17 17 17 17 17 17 
17 17 17 17 17 17 
17 17 17 17 17 17 
17 17 17 17 17 17 
17 17 17 17 17 17 
17 17 17 17 17 17 
17 17 17 17 17 17 
17 17 17 17 17 17 
17 17 17 17 17 17 
17 17 17 17 17 17 
17 17 17 17 17 17 
17 17 17 17 17 17 
17 17 17 17 17 17 
17 17 17 17 17 17 
17 17 17 17 17 17 
17 17 17 17 17 17 
17 17 17 17 17 17 
17 17 17 17 17 17 
17 17 17 17 17 17 
17 17 17 17 17 17 
17 17 17 17 17 17 
17 17 17 17 17 17 
17 17 17 17 17 17 
17 17 17 17 17 17 
17 17 17 17 17 17 
17 17 17 17 17 17 
17 17 17 17 17 17 
17 17 17 17 17 17 
17 17 17 17 17 17 
17 17 17 17 17 17 
17 17 17 17 17 17 
17 17 17 17 17 17 
17 17 17 17 17 17 
17 17 17 17 17 17 
17 17 17 17 17 17 
17 17 17 17 17 17 
17 17 17 17 17 17 
17 17 17 17 17 17 
17 17 17 17 17 17 
17 17 17 17 17 17 
17 17 17 17 17 17 
17 17 17 17 17 17 
17 17 17 17 17 17 
17 17 17 17 17 17 
17 17 17 17 17 17 
17 17 17 17 17 17 
17 17 17 17 17 17 
17 17 17 17 17 17 
17 17 17 17 17 17 
17 17 17 17 17 17 
17 17 17 17 17 17 
17 17 17 17 17 17 
17 17 17 17 17 17 
17 17 17 17 17 17 
17 17 17 17 17 17 
17 17 17 17 17 17 
17 17 17 17 17 17 
17 17 17 17 17 17 
17 17 17 17 17 17 
17 17 17 17 17 17 
17 17 17 17 17 17 
17 17 17 17 17 17 
17 17 17 17 17 17 
17 17 17 17 17 17 
17 17 17 17 17 17 
17 17 17 17 17 17 
17 17 17 17 17 17 
17 17 17 17 17 17 
17 17 17 17 17 17 
17 17 17 17 17 17 
17 17 17 17 17 17 
17 17 17 17 17 17 
17 17 17 17 17 17 
17 17 17 17 17 17 
17 17 17 17 17 17 
17 17 17 17 17 17 
17 17 17 17 17 17 
17 17 17 17 17 17 
17 17 17 17 17 17 
17 17 17 17 17 17 
17 17 17 17 17 17 
17 17 17 17 17 17 
17 17 17 17 17 17 
17 17 17 17 17 17 
17 17 17 17 17 17 
17 17 17 17 17 17 
17 17 17 17 17 17 
17 17 17 17 17 17 
17 17 17 17 17 17 
17 17 17 17 17 17 
17 17 17 17 17 17 
17 17 17 17 17 17 
17 17 17 17 17 17 
17 17 17 17 17 17 
17 17 17 17 17 17 
17 17 17 17 17 17 
17 17 17 17 17 17 
17 17 17 17 17 17 
17 17 17 17 17 17 
17 17 17 17 17 17 
17 17 17 17 17 17 
17 17 17 17 17 17 
17 17 17 17 17 17 
17 17 17 17 17 17 
17 17 17 17 17 17 
17 17 17 17 17 17 
17 17 17 17 17 17 
17 17 17 17 17 17 
17 17 17 17 17 17 
17 17 17 17 17 17 
17 17 17 17 17 17 
17 17 17 17 17 17 
17 17 17 17 17 17 
17 17 17 17 17 17 
17 17 17 17 17 17 
17 17 17 17 17 17 
17 17 17 17 17 17 
17 17 17 17 17 17 
17 17 17 17 17 17 
17 17 17 17 17 17 
17 17 17 17 17 17 
17 17 17 17 17 17 
17 17 17 17 17 17 
17 17 17 17 17 17 
17 17 17 17 17 17 
17 17 17 17 17 17 
17 17 17 17 17 17 
17 17 17 17 17 17 
17 17 17 17 17 17 
17 17 17 17 17 17 
17 17 17 17 17 17 
17 17 17 17 17 17 
17 17 17 17 17 17 
17 17 17 17 17 17 
17 17 17 17 17 17 
17 17 17 17 17 17 
17 17 17 17 17 17 
17 17 17 17 17 17 
17 17 17 17 17 17 
17 17 17 17 17 17 
17 17 17 17 17 17 
17 17 17 17 17 17 
17 17 17 17 17 17 
17 17 17 17 17 17 
17 17 17 17 17 17 
17 17 17 17 17 17 
17 17 17 17 17 17 
17 17 17 17 17 17 
17 17 17 17 17 17 
17 17 17 17 17 17 
17 17 17 17 17 17 
17 17 17 17 17 17 
17 17 17 17 17 17 
17 17 17 17 17 17 
17 17 17 17 17 17 
17 17 17 17 17 17 
17 17 17 17 17 17 
17 17 17 17 17 17 
17 17 17 17 17 17 
17 17 17 17 17 17 
17 17 17 17 17 17 
17 17 17 17 17 17 
17 17 17 17 17 17 
17 17 17 17 17 17 
17 17 17 17 17 17 
17 17 17 17 17 17 
17 17 17 17 17 17 
17 17 17 17 17 17 
17 17 17 17 17 17 
17 17 17 17 17 17 
17 17 17 17 17 17 
17 17 17 17 17 17 
17 17 17 17 17 17 
17 17 17 17 17 17 
17 17 17 17 17 17 
17 17 17 17 17 17 
17 17 17 17 17 17 
17 17 17 17 17 17 
17 17 17 17 17 17 
17 17 17 17 17 17 
17 17 17 17 17 17 
17 17 17 17 17 17 
17 17 17 17 17 17 
17 17 17 17 17 17 
17 17 17 17 17 17 
17 17 17 17 17 17 
17 17 17 17 17 17 
17 17 17 17 17 17 
17 17 17 17 17 17 
17 17 17 17 17 17 
17 17 17 17 17 17 
17 17 17 17 17 17 
17 17 17 17 17 17 
17 17 17 17 17 17 
17 17 17 17 17 17 
17 17 17 17 17 17 
17 17 17 17 17 17 
17 17 17 17 17 17 
17 17 17 17 17 17 
17 17 17 17 17 17 
17 17 17 17 17 17 
17 17 17 17 17 17 
17 17 17 17 17 17 
17 17 17 17 17 17 
17 17 17 17 17 17 
17 17 17 17 17 17 
17 17 17 17 17 17 
17 17 17 17 17 17 
17 17 17 17 17 17 
17 17 17 17 17 17 
17 17 17 17 17 17 
17 17 17 17 17 17 
17 17 17 17 17 17 
17 17 17 17 17 17 
17 17 17 17 17 17 
17 17 17 17 17 17 
17 17 17 17 17 17 
17 17 17 17 17 17 
17 17 17 17 17 17 
17 17 17 17 17 17 
17 17 17 17 17 17 
17 17 17 17 17 17 
17 17 17 17 17 17 
17 17 17 17 17 17 
17 17 17 17 17 17 
17 17 17 17 17 17 
17 17 17 17 17 17 
17 17 17 17 17 17 
17 17 17 17 17 17 
17 17 17 17 17 17 
17 17 17 17 17 17 
17 17 17 17 17 17 
17 17 17 17 17 17 
17 17 17 17 17 17 
17 17 17 17 17 17 
17 17 17 17 17 17 
17 17 17 17 17 17 
17 17 17 17 17 17 
17 17 17 17 17 17 
17 17 17 17 17 17 
17 17 17 17 17 17 
17 17 17 17 17 17 
17 17 17 17 17 17 
17 17 17 17 17 17 
17 17 17 17 17 17 
17 17 17 17 17 17 
17 17 17 17 17 17 
17 17 17 17 17 17 
17 17 17 17 17 17 
17 17 17 17 17 17 
17 17 17 17 17 17 
17 17 17 17 17 17 
17 17 17 17 17 17 
17 17 17 17 17 17 
17 17 17 17 17 17 
17 17 17 17 17 17 
17 17 17 17 17 17 
17 17 17 17 17 17 
17 17 17 17 17 17 
17 17 17 17 17 17 
17 17 17 17 17 17 
17 17 17 17 17 17 
17 17 17 17 17 17 
17 17 17 17 17 17 
17 17 17 17 17 17 
17 17 17 17 17 17 
17 17 17 17 17 17 
17 17 17 17 17 17 
17 17 17 17 17 17 
17 17 17 17 17 17 
17 17 17 17 17 17 
17 17 17 17 17 17 
17 17 17 17 17 17 
17 17 17 17 17 17 
17 17 17 17 17 17 
17 17 17 17 17 17 
17 17 17 17 17 17 
17 17 17 17 17 17 
17 17 17 17 17 17 
17 17 17 17 17 17 
17 17 17 17 17 17 
17 17 17 17 17 17 
17 17 17 17 17 17 
17 17 17 17 17 17 
17 17 17 17 17 17 
17 17 17 17 17 17 
17 17 17 17 17 17 
17 17 17 17 17 17 
17 17 17 17 17 17 
17 17 17 17 17 17 
17 17 17 17 17 17 
17 17 17 17 17 17 
17 17 17 17 17 17 
17 17 17 17 17 17 
17 17 17 17 17 17 
17 17 17 17 17 17 
17 17 17 17 17 17 
17 17 17 17 17 17 
17 17 17 17 17 17 
17 17 17 17 17 17 
17 17 17 17 17 17 
17 17 17 17 17 17 
17 17 17 17 17 17 
17 17 17 17 17 17 
17 17 17 17 17 17 
17 17 17 17 17 17 
17 17 17 17 17 17 
17 17 17 17 17 17 
17 17 17 17 17 17 
17 17 17 17 17 17 
17 17 17 17 17 17 
17 17 17 17 17 17 
17 17 17 17 17 17 
17 17 17 17 17 17 
17 17 17 17 17 17 
17 17 17 17 17 17 
17 17 17 17 17 17 
17 17 17 17 17 17 
17 17 17 17 17 17 
17 17 17 17 17 17 
17 17 17 17 17 17 
17 17 17 17 17 17 
17 17 17 17 17 17 
17 17 17 17 17 17 
17 17 17 17 17 17 
17 17 17 17 17 17 
17 17 17 17 17 17 
17 17 17 17 17 17 
17 17 17 17 17 17 
17 17 17 17 17 17 
17 17 17 17 17 17 
17 17 17 17 17 17 
17 17 17 17 17 17 
17 17 17 17 17 17 
17 17 17 17 17 17 
17 17 17 17 17 17 
17 17 17 17 17 17 
17 17 17 17 17 17 
17 17 17 17 17 17 
17 17 17 17 17 17 
17 17 17 17 17 17 
17 17 17 17 17 17 
17 17 17 17 17 17 
17 17 17 17 17 17 
17 17 17 17 17 17 
17 17 17 17 17 17 
17 17 17 17 17 17 
17 17 17 17 17 17 
17 17 17 17 17 17 
17 17 17 17 17 17 
17 17 17 17 17 17 
17 17 17 17 17 17 
17 17 17 17 17 17 
17 17 17 17 17 17 
17 17 17 17 17 17 
17 17 17 17 17 17 
17 17 17 17 17 17 
17 17 17 17 17 17 
17 17 17 17 17 17 
17 17 17 17 17 17 
17 17 17 17 17 17 
17 17 17 17 17 17 
17 17 17 17 17 17 
17 17 17 17 17 17 
17 17 17 17 17 17 
17 17 17 17 17 17 
17 17 17 17 17 17 
17 17 17 17 17 17 
17 17 17 17 17 17 
17 17 17 17 17 17 
17 17 17 17 17 17 
17 17 17 17 17 17 
17 17 17 17 17 17 
17 17 17 17 17 17 
17 17 17 17 17 17 
17 17 17 17 17 17 
17 17 17 17 17 17 
17 17 17 17 17 17 
17 17 17 17 17 17 
17 17 17 17 17 17 
17 17 17 17 17 17 
17 17 17 17 17 17 
17 17 17 17 17 17 
17 17 17 17 17 17 
17 17 17 17 17 17 
17 17 17 17 17 17 
17 17 17 17 17 17 
17 17 17 17 17 17 
17 17 17 17 17 17 
17 17 17 17 17 17 
17 17 17 17 17 17 
17 17 17 17 17 17 
17 17 17 17 17 17 
17 17 17 17 17 17 
17 17 17 17 17 17 
17 17 17 17 17 17 
17 17 17 17 17 17 
17 17 17 17 17 17 
17 17 17 17 17 17 
17 17 17 17 17 17 
17 17 17 17 17 17 
17 17 17 17 17 17 
17 17 17 17 17 17 
17 17 17 17 17 17 
17 17 17 17 17 17 
17 17 17 17 17 17 
17 17 17 17 17 17 
17 17 17 17 17 17 
17 17 17 17 17 17 
17 17 17 17 17 17 
17 17 17 17 17 17 
17 17 17 17 17 17 
17 17 17 17 17 17 
17 17 17 17 17 17 
17 17 17 17 17 17 
17 17 17 17 17 17 
17 17 17 17 17 17 
17 17 17 17 17 17 
17 17 17 17 17 17 
17 17 17 17 17 17 
17 17 17 17 17 17 
17 17 17 17 17 17 
17 17 17 17 17 17 
17 17 17 17 17 17 
17 17 17 17 17 17 
17 17 17 17 17 17 
17 17 17 17 17 17 
17 17 17 17 17 17 
17 17 17 17 17 17 
17 17 17 17 17 17 
17 17 17 17 17 17 
17 17 17 17 17 17 
17 17 17 17 17 17 
17 17 17 17 17 17 
17 17 17 17 17 17 
17 17 17 17 17 17 
17 17 17 17 17 17 
17 17 17 17 17 17 
17 17 17 17 17 17 
17 17 17 17 17 17 
17 17 17 17 17 17 
17 17 17 17 17 17 
17 17 17 17 17 17 
17 17 17 17 17 17 
17 17 17 17 17 17 
17 17 17 17 17 17 
17 17 17 17 17 17 
17 17 17 17 17 17 
17 17 17 17 17 17 
17 17 17 17 17 17 
17 17 17 17 17 17 
17 17 17 17 17 17 
17 17 17 17 17 17 
17 17 17 17 17 17 
17 17 17 17 17 17 
17 17 17 17 17 17 
17 17 17 17 17 17 
17 17 17 17 17 17 
17 17 17 17 17 17 
17 17 17 17 17 17 
17 17 17 17 17 17 
17 17 17 17 17 17 
17 17 17 17 17 17 
att
1 0 1 0 0 0 
1 0 0 0 0 0 
1 0 0 0 0 0 
1 0 1 0 0 0 
1 1 1 0 0 0 
0 1 0 0 0 0 
1 1 1 0 0 0 
0 0 0 1 1 0 
0 0 0 1 1 1 
0 0 0 1 1 1 
0 0 0 1 1 1 
0 0 0 0 1 1 
0 0 0 1 1 1 
0 0 0 0 1 0 
0 0 0 1 1 0 
0 0 0 1 1 1 
0 0 0 1 0 1 
0 0 0 1 1 1 
0 0 0 0 0 1 
0 0 0 1 1 1 
