nbServi = 6 ;
nbVehi = 20 ;
nbCust = 70 ;
nbSynch = 30 ;
e
0 393 60 93 90 46 256 37 208 261 454 43 59 471 408 135 240 286 193 253 118 413 49 315 188 335 109 254 470 188 470 308 182 72 116 157 355 70 190 75 313 299 457 392 252 28 299 438 474 41 43 305 221 51 455 401 329 8 192 428 408 80 294 56 79 256 444 430 125 299 8 202 400 88 377 431 243 463 21 359 104 333 382 168 222 88 161 179 239 108 187 277 377 147 7 336 279 243 328 372 59 
l
600 513 180 213 210 166 376 157 328 381 574 163 179 591 528 255 360 406 313 373 238 533 169 435 308 455 229 374 590 308 590 428 302 192 236 277 475 190 310 195 433 419 577 512 372 148 419 558 594 161 163 425 341 171 575 521 449 128 312 548 528 200 414 176 199 376 564 550 245 419 128 322 520 208 497 551 363 583 141 479 224 453 502 288 342 208 281 299 359 228 307 397 497 267 127 456 399 363 448 492 179 
cx
13 93 46 97 81 23 91 95 86 73 93 95 35 74 8 48 72 17 10 55 39 92 68 98 41 5 71 81 8 8 60 36 36 90 99 22 68 51 63 79 33 8 88 79 48 37 7 36 23 32 13 63 71 0 31 3 64 59 27 56 38 83 69 61 94 24 6 61 54 75 45 14 44 4 68 84 20 73 58 50 12 48 24 37 31 24 59 3 74 16 60 65 20 75 3 44 55 21 30 27 0 
cy
4 36 0 41 23 2 46 19 46 5 42 20 1 24 15 35 9 12 18 8 3 38 30 34 43 39 8 47 3 44 46 23 47 44 1 43 18 5 14 17 14 28 46 37 29 22 38 44 4 12 20 30 37 2 33 23 23 42 23 20 2 36 25 24 36 24 14 45 31 21 45 28 45 24 9 23 18 36 17 11 43 12 12 42 21 11 10 16 35 14 49 44 3 12 47 5 15 10 20 35 0 
s
1 1 1 1 1 1 
0 0 0 1 0 0 
1 0 0 0 0 0 
0 0 0 1 0 0 
1 0 0 0 0 0 
0 0 0 0 1 0 
0 0 0 0 1 0 
0 1 0 0 0 0 
0 0 0 0 1 0 
0 0 0 1 0 0 
0 0 0 0 1 0 
0 1 0 0 0 0 
0 0 0 0 0 1 
0 0 0 1 0 0 
1 0 0 0 0 0 
0 0 0 1 0 0 
1 0 0 0 0 0 
0 0 0 0 1 0 
0 1 0 0 0 0 
0 1 0 0 0 0 
0 0 0 0 1 0 
0 0 0 0 0 1 
0 1 0 0 0 0 
0 0 0 1 0 0 
0 0 1 0 0 0 
0 0 0 0 0 1 
0 1 0 0 0 0 
0 0 1 0 0 0 
0 0 1 0 0 0 
0 0 1 0 0 0 
0 0 1 0 0 0 
0 0 1 0 0 0 
0 0 1 0 0 0 
1 0 0 0 0 0 
0 0 1 0 0 0 
0 1 0 0 0 0 
0 1 0 0 0 0 
0 0 0 0 1 0 
0 0 0 0 1 0 
0 0 0 1 0 0 
0 1 0 0 0 0 
0 0 0 0 0 1 
0 1 0 0 0 0 
0 0 1 0 0 0 
1 0 0 0 0 0 
0 0 0 0 1 0 
0 0 0 0 0 1 
1 0 0 0 0 0 
1 0 0 0 0 0 
0 0 0 0 0 1 
0 1 0 0 0 0 
0 0 0 0 0 1 
0 0 0 0 0 1 
0 0 0 1 0 0 
0 0 0 0 0 1 
0 0 0 0 0 1 
0 0 0 0 0 1 
0 0 1 0 0 0 
1 0 0 0 0 0 
0 0 1 0 0 0 
1 0 0 0 0 0 
0 0 1 0 0 0 
1 0 0 0 0 0 
0 0 1 0 0 0 
0 1 0 0 0 0 
0 0 0 0 1 0 
1 0 0 0 0 0 
0 0 0 0 1 0 
0 0 0 0 0 1 
0 0 0 0 0 1 
0 0 1 0 0 0 
0 0 0 0 1 1 
0 0 0 1 0 1 
0 0 0 1 1 0 
0 0 0 1 1 0 
0 0 0 0 1 1 
0 0 0 1 1 0 
0 0 0 0 1 1 
0 0 0 1 1 0 
0 0 0 1 1 0 
0 0 0 1 0 1 
0 0 0 1 0 1 
0 0 0 1 1 0 
0 0 0 1 1 0 
0 0 0 1 1 0 
0 0 0 1 1 0 
1 0 0 1 0 0 
0 1 0 0 1 0 
0 1 0 1 0 0 
1 0 0 0 0 1 
0 1 0 0 0 1 
0 0 1 0 1 0 
0 0 1 1 0 0 
0 1 0 0 1 0 
0 0 1 0 1 0 
1 0 0 0 0 1 
0 0 1 1 0 0 
0 1 0 1 0 0 
0 1 0 0 0 1 
0 0 1 0 0 1 
0 1 0 0 1 0 
delta
51 102 
41 82 
16 32 
23 46 
22 44 
38 76 
15 30 
39 78 
57 114 
0 0 
49 98 
6 12 
51 102 
7 14 
10 20 
35 70 
28 56 
27 54 
40 80 
3 6 
55 110 
48 96 
35 70 
49 98 
35 70 
47 94 
54 108 
5 10 
22 44 
44 88 
33 66 
27 54 
1 2 
16 32 
8 16 
9 18 
31 62 
4 8 
29 58 
32 64 
51 102 
16 32 
49 98 
9 18 
48 96 
24 48 
35 70 
28 56 
51 102 
38 76 
33 66 
60 120 
17 34 
40 80 
3 6 
3 6 
19 38 
36 72 
2 4 
55 110 
26 52 
48 96 
41 82 
24 48 
54 108 
35 70 
26 52 
16 32 
50 100 
7 14 
24 48 
0 0 
0 0 
0 0 
0 0 
0 0 
0 0 
0 0 
0 0 
0 0 
0 0 
0 0 
0 0 
0 0 
0 0 
0 0 
11 22 
51 102 
51 102 
4 8 
34 68 
17 34 
60 120 
2 4 
8 16 
38 76 
47 94 
14 28 
46 92 
9 18 
18 36 
p
0 0 0 0 0 0 
0 0 0 0 0 0 
0 0 0 0 0 0 
0 0 0 0 0 0 
0 0 0 0 0 0 
0 0 0 0 0 0 
0 0 0 0 0 0 
0 0 0 0 0 0 
0 0 0 0 0 0 
0 0 0 0 0 0 
0 0 0 0 0 0 
0 0 0 0 0 0 
0 0 0 0 0 0 
0 0 0 0 0 0 
0 0 0 0 0 0 
0 0 0 0 0 0 
0 0 0 0 0 0 
0 0 0 0 0 0 
0 0 0 0 0 0 
0 0 0 0 0 0 
15 15 15 15 15 15 
15 15 15 15 15 15 
15 15 15 15 15 15 
15 15 15 15 15 15 
15 15 15 15 15 15 
15 15 15 15 15 15 
15 15 15 15 15 15 
15 15 15 15 15 15 
15 15 15 15 15 15 
15 15 15 15 15 15 
15 15 15 15 15 15 
15 15 15 15 15 15 
15 15 15 15 15 15 
15 15 15 15 15 15 
15 15 15 15 15 15 
15 15 15 15 15 15 
15 15 15 15 15 15 
15 15 15 15 15 15 
15 15 15 15 15 15 
15 15 15 15 15 15 
15 15 15 15 15 15 
15 15 15 15 15 15 
15 15 15 15 15 15 
15 15 15 15 15 15 
15 15 15 15 15 15 
15 15 15 15 15 15 
15 15 15 15 15 15 
15 15 15 15 15 15 
15 15 15 15 15 15 
15 15 15 15 15 15 
15 15 15 15 15 15 
15 15 15 15 15 15 
15 15 15 15 15 15 
15 15 15 15 15 15 
15 15 15 15 15 15 
15 15 15 15 15 15 
15 15 15 15 15 15 
15 15 15 15 15 15 
15 15 15 15 15 15 
15 15 15 15 15 15 
15 15 15 15 15 15 
15 15 15 15 15 15 
15 15 15 15 15 15 
15 15 15 15 15 15 
15 15 15 15 15 15 
15 15 15 15 15 15 
15 15 15 15 15 15 
15 15 15 15 15 15 
15 15 15 15 15 15 
15 15 15 15 15 15 
15 15 15 15 15 15 
15 15 15 15 15 15 
15 15 15 15 15 15 
15 15 15 15 15 15 
15 15 15 15 15 15 
15 15 15 15 15 15 
15 15 15 15 15 15 
15 15 15 15 15 15 
15 15 15 15 15 15 
15 15 15 15 15 15 
15 15 15 15 15 15 
15 15 15 15 15 15 
15 15 15 15 15 15 
15 15 15 15 15 15 
15 15 15 15 15 15 
15 15 15 15 15 15 
15 15 15 15 15 15 
15 15 15 15 15 15 
15 15 15 15 15 15 
15 15 15 15 15 15 
15 15 15 15 15 15 
15 15 15 15 15 15 
15 15 15 15 15 15 
15 15 15 15 15 15 
15 15 15 15 15 15 
15 15 15 15 15 15 
15 15 15 15 15 15 
15 15 15 15 15 15 
15 15 15 15 15 15 
15 15 15 15 15 15 
15 15 15 15 15 15 
15 15 15 15 15 15 
15 15 15 15 15 15 
15 15 15 15 15 15 
15 15 15 15 15 15 
15 15 15 15 15 15 
15 15 15 15 15 15 
15 15 15 15 15 15 
15 15 15 15 15 15 
15 15 15 15 15 15 
15 15 15 15 15 15 
15 15 15 15 15 15 
15 15 15 15 15 15 
15 15 15 15 15 15 
15 15 15 15 15 15 
15 15 15 15 15 15 
15 15 15 15 15 15 
15 15 15 15 15 15 
15 15 15 15 15 15 
15 15 15 15 15 15 
15 15 15 15 15 15 
15 15 15 15 15 15 
15 15 15 15 15 15 
15 15 15 15 15 15 
15 15 15 15 15 15 
15 15 15 15 15 15 
15 15 15 15 15 15 
15 15 15 15 15 15 
15 15 15 15 15 15 
15 15 15 15 15 15 
15 15 15 15 15 15 
15 15 15 15 15 15 
15 15 15 15 15 15 
15 15 15 15 15 15 
15 15 15 15 15 15 
15 15 15 15 15 15 
15 15 15 15 15 15 
15 15 15 15 15 15 
15 15 15 15 15 15 
15 15 15 15 15 15 
15 15 15 15 15 15 
15 15 15 15 15 15 
15 15 15 15 15 15 
15 15 15 15 15 15 
15 15 15 15 15 15 
15 15 15 15 15 15 
15 15 15 15 15 15 
15 15 15 15 15 15 
15 15 15 15 15 15 
15 15 15 15 15 15 
15 15 15 15 15 15 
15 15 15 15 15 15 
15 15 15 15 15 15 
15 15 15 15 15 15 
15 15 15 15 15 15 
15 15 15 15 15 15 
15 15 15 15 15 15 
15 15 15 15 15 15 
15 15 15 15 15 15 
15 15 15 15 15 15 
15 15 15 15 15 15 
15 15 15 15 15 15 
15 15 15 15 15 15 
15 15 15 15 15 15 
15 15 15 15 15 15 
15 15 15 15 15 15 
15 15 15 15 15 15 
15 15 15 15 15 15 
15 15 15 15 15 15 
15 15 15 15 15 15 
15 15 15 15 15 15 
15 15 15 15 15 15 
15 15 15 15 15 15 
15 15 15 15 15 15 
15 15 15 15 15 15 
15 15 15 15 15 15 
15 15 15 15 15 15 
15 15 15 15 15 15 
15 15 15 15 15 15 
15 15 15 15 15 15 
15 15 15 15 15 15 
15 15 15 15 15 15 
15 15 15 15 15 15 
15 15 15 15 15 15 
15 15 15 15 15 15 
15 15 15 15 15 15 
15 15 15 15 15 15 
15 15 15 15 15 15 
15 15 15 15 15 15 
15 15 15 15 15 15 
15 15 15 15 15 15 
15 15 15 15 15 15 
15 15 15 15 15 15 
15 15 15 15 15 15 
15 15 15 15 15 15 
15 15 15 15 15 15 
15 15 15 15 15 15 
15 15 15 15 15 15 
15 15 15 15 15 15 
15 15 15 15 15 15 
15 15 15 15 15 15 
15 15 15 15 15 15 
15 15 15 15 15 15 
15 15 15 15 15 15 
15 15 15 15 15 15 
15 15 15 15 15 15 
15 15 15 15 15 15 
15 15 15 15 15 15 
15 15 15 15 15 15 
15 15 15 15 15 15 
15 15 15 15 15 15 
15 15 15 15 15 15 
15 15 15 15 15 15 
15 15 15 15 15 15 
15 15 15 15 15 15 
15 15 15 15 15 15 
15 15 15 15 15 15 
15 15 15 15 15 15 
15 15 15 15 15 15 
15 15 15 15 15 15 
15 15 15 15 15 15 
15 15 15 15 15 15 
15 15 15 15 15 15 
15 15 15 15 15 15 
15 15 15 15 15 15 
15 15 15 15 15 15 
15 15 15 15 15 15 
15 15 15 15 15 15 
15 15 15 15 15 15 
15 15 15 15 15 15 
15 15 15 15 15 15 
15 15 15 15 15 15 
15 15 15 15 15 15 
15 15 15 15 15 15 
15 15 15 15 15 15 
15 15 15 15 15 15 
15 15 15 15 15 15 
15 15 15 15 15 15 
15 15 15 15 15 15 
15 15 15 15 15 15 
15 15 15 15 15 15 
15 15 15 15 15 15 
15 15 15 15 15 15 
15 15 15 15 15 15 
15 15 15 15 15 15 
15 15 15 15 15 15 
15 15 15 15 15 15 
15 15 15 15 15 15 
15 15 15 15 15 15 
15 15 15 15 15 15 
15 15 15 15 15 15 
15 15 15 15 15 15 
15 15 15 15 15 15 
15 15 15 15 15 15 
15 15 15 15 15 15 
15 15 15 15 15 15 
15 15 15 15 15 15 
15 15 15 15 15 15 
15 15 15 15 15 15 
15 15 15 15 15 15 
15 15 15 15 15 15 
15 15 15 15 15 15 
15 15 15 15 15 15 
15 15 15 15 15 15 
15 15 15 15 15 15 
15 15 15 15 15 15 
15 15 15 15 15 15 
15 15 15 15 15 15 
15 15 15 15 15 15 
15 15 15 15 15 15 
15 15 15 15 15 15 
15 15 15 15 15 15 
15 15 15 15 15 15 
15 15 15 15 15 15 
15 15 15 15 15 15 
15 15 15 15 15 15 
15 15 15 15 15 15 
15 15 15 15 15 15 
15 15 15 15 15 15 
15 15 15 15 15 15 
15 15 15 15 15 15 
15 15 15 15 15 15 
15 15 15 15 15 15 
15 15 15 15 15 15 
15 15 15 15 15 15 
15 15 15 15 15 15 
15 15 15 15 15 15 
15 15 15 15 15 15 
15 15 15 15 15 15 
15 15 15 15 15 15 
15 15 15 15 15 15 
15 15 15 15 15 15 
15 15 15 15 15 15 
15 15 15 15 15 15 
15 15 15 15 15 15 
15 15 15 15 15 15 
15 15 15 15 15 15 
15 15 15 15 15 15 
15 15 15 15 15 15 
15 15 15 15 15 15 
15 15 15 15 15 15 
15 15 15 15 15 15 
15 15 15 15 15 15 
15 15 15 15 15 15 
15 15 15 15 15 15 
15 15 15 15 15 15 
15 15 15 15 15 15 
15 15 15 15 15 15 
15 15 15 15 15 15 
15 15 15 15 15 15 
15 15 15 15 15 15 
15 15 15 15 15 15 
15 15 15 15 15 15 
15 15 15 15 15 15 
15 15 15 15 15 15 
15 15 15 15 15 15 
15 15 15 15 15 15 
15 15 15 15 15 15 
15 15 15 15 15 15 
15 15 15 15 15 15 
15 15 15 15 15 15 
15 15 15 15 15 15 
15 15 15 15 15 15 
15 15 15 15 15 15 
15 15 15 15 15 15 
15 15 15 15 15 15 
15 15 15 15 15 15 
15 15 15 15 15 15 
15 15 15 15 15 15 
15 15 15 15 15 15 
15 15 15 15 15 15 
15 15 15 15 15 15 
15 15 15 15 15 15 
15 15 15 15 15 15 
15 15 15 15 15 15 
15 15 15 15 15 15 
15 15 15 15 15 15 
15 15 15 15 15 15 
15 15 15 15 15 15 
15 15 15 15 15 15 
15 15 15 15 15 15 
15 15 15 15 15 15 
15 15 15 15 15 15 
15 15 15 15 15 15 
15 15 15 15 15 15 
15 15 15 15 15 15 
15 15 15 15 15 15 
15 15 15 15 15 15 
15 15 15 15 15 15 
15 15 15 15 15 15 
15 15 15 15 15 15 
15 15 15 15 15 15 
15 15 15 15 15 15 
15 15 15 15 15 15 
15 15 15 15 15 15 
15 15 15 15 15 15 
15 15 15 15 15 15 
15 15 15 15 15 15 
15 15 15 15 15 15 
15 15 15 15 15 15 
15 15 15 15 15 15 
15 15 15 15 15 15 
15 15 15 15 15 15 
15 15 15 15 15 15 
15 15 15 15 15 15 
15 15 15 15 15 15 
15 15 15 15 15 15 
15 15 15 15 15 15 
15 15 15 15 15 15 
15 15 15 15 15 15 
15 15 15 15 15 15 
15 15 15 15 15 15 
15 15 15 15 15 15 
15 15 15 15 15 15 
15 15 15 15 15 15 
15 15 15 15 15 15 
15 15 15 15 15 15 
15 15 15 15 15 15 
15 15 15 15 15 15 
15 15 15 15 15 15 
15 15 15 15 15 15 
15 15 15 15 15 15 
15 15 15 15 15 15 
15 15 15 15 15 15 
15 15 15 15 15 15 
15 15 15 15 15 15 
15 15 15 15 15 15 
15 15 15 15 15 15 
15 15 15 15 15 15 
15 15 15 15 15 15 
15 15 15 15 15 15 
15 15 15 15 15 15 
15 15 15 15 15 15 
15 15 15 15 15 15 
15 15 15 15 15 15 
15 15 15 15 15 15 
15 15 15 15 15 15 
15 15 15 15 15 15 
15 15 15 15 15 15 
15 15 15 15 15 15 
15 15 15 15 15 15 
15 15 15 15 15 15 
15 15 15 15 15 15 
15 15 15 15 15 15 
15 15 15 15 15 15 
15 15 15 15 15 15 
15 15 15 15 15 15 
15 15 15 15 15 15 
15 15 15 15 15 15 
15 15 15 15 15 15 
15 15 15 15 15 15 
15 15 15 15 15 15 
15 15 15 15 15 15 
15 15 15 15 15 15 
15 15 15 15 15 15 
15 15 15 15 15 15 
15 15 15 15 15 15 
15 15 15 15 15 15 
15 15 15 15 15 15 
15 15 15 15 15 15 
15 15 15 15 15 15 
15 15 15 15 15 15 
15 15 15 15 15 15 
15 15 15 15 15 15 
15 15 15 15 15 15 
15 15 15 15 15 15 
15 15 15 15 15 15 
15 15 15 15 15 15 
15 15 15 15 15 15 
15 15 15 15 15 15 
15 15 15 15 15 15 
15 15 15 15 15 15 
15 15 15 15 15 15 
15 15 15 15 15 15 
15 15 15 15 15 15 
15 15 15 15 15 15 
15 15 15 15 15 15 
15 15 15 15 15 15 
15 15 15 15 15 15 
15 15 15 15 15 15 
15 15 15 15 15 15 
15 15 15 15 15 15 
15 15 15 15 15 15 
15 15 15 15 15 15 
15 15 15 15 15 15 
15 15 15 15 15 15 
15 15 15 15 15 15 
15 15 15 15 15 15 
15 15 15 15 15 15 
15 15 15 15 15 15 
15 15 15 15 15 15 
15 15 15 15 15 15 
15 15 15 15 15 15 
15 15 15 15 15 15 
15 15 15 15 15 15 
15 15 15 15 15 15 
15 15 15 15 15 15 
15 15 15 15 15 15 
15 15 15 15 15 15 
15 15 15 15 15 15 
15 15 15 15 15 15 
15 15 15 15 15 15 
15 15 15 15 15 15 
15 15 15 15 15 15 
15 15 15 15 15 15 
15 15 15 15 15 15 
15 15 15 15 15 15 
15 15 15 15 15 15 
15 15 15 15 15 15 
15 15 15 15 15 15 
15 15 15 15 15 15 
15 15 15 15 15 15 
15 15 15 15 15 15 
15 15 15 15 15 15 
15 15 15 15 15 15 
15 15 15 15 15 15 
15 15 15 15 15 15 
15 15 15 15 15 15 
15 15 15 15 15 15 
15 15 15 15 15 15 
15 15 15 15 15 15 
15 15 15 15 15 15 
15 15 15 15 15 15 
15 15 15 15 15 15 
15 15 15 15 15 15 
15 15 15 15 15 15 
15 15 15 15 15 15 
15 15 15 15 15 15 
15 15 15 15 15 15 
15 15 15 15 15 15 
15 15 15 15 15 15 
15 15 15 15 15 15 
15 15 15 15 15 15 
15 15 15 15 15 15 
15 15 15 15 15 15 
15 15 15 15 15 15 
15 15 15 15 15 15 
15 15 15 15 15 15 
15 15 15 15 15 15 
15 15 15 15 15 15 
15 15 15 15 15 15 
15 15 15 15 15 15 
15 15 15 15 15 15 
15 15 15 15 15 15 
15 15 15 15 15 15 
15 15 15 15 15 15 
15 15 15 15 15 15 
15 15 15 15 15 15 
15 15 15 15 15 15 
15 15 15 15 15 15 
15 15 15 15 15 15 
15 15 15 15 15 15 
15 15 15 15 15 15 
15 15 15 15 15 15 
15 15 15 15 15 15 
15 15 15 15 15 15 
15 15 15 15 15 15 
15 15 15 15 15 15 
15 15 15 15 15 15 
15 15 15 15 15 15 
15 15 15 15 15 15 
15 15 15 15 15 15 
15 15 15 15 15 15 
15 15 15 15 15 15 
15 15 15 15 15 15 
15 15 15 15 15 15 
15 15 15 15 15 15 
15 15 15 15 15 15 
15 15 15 15 15 15 
15 15 15 15 15 15 
15 15 15 15 15 15 
15 15 15 15 15 15 
15 15 15 15 15 15 
15 15 15 15 15 15 
15 15 15 15 15 15 
15 15 15 15 15 15 
15 15 15 15 15 15 
15 15 15 15 15 15 
15 15 15 15 15 15 
15 15 15 15 15 15 
15 15 15 15 15 15 
15 15 15 15 15 15 
15 15 15 15 15 15 
15 15 15 15 15 15 
15 15 15 15 15 15 
15 15 15 15 15 15 
15 15 15 15 15 15 
15 15 15 15 15 15 
15 15 15 15 15 15 
15 15 15 15 15 15 
15 15 15 15 15 15 
15 15 15 15 15 15 
15 15 15 15 15 15 
15 15 15 15 15 15 
15 15 15 15 15 15 
15 15 15 15 15 15 
15 15 15 15 15 15 
15 15 15 15 15 15 
15 15 15 15 15 15 
15 15 15 15 15 15 
15 15 15 15 15 15 
15 15 15 15 15 15 
15 15 15 15 15 15 
15 15 15 15 15 15 
15 15 15 15 15 15 
15 15 15 15 15 15 
15 15 15 15 15 15 
15 15 15 15 15 15 
15 15 15 15 15 15 
15 15 15 15 15 15 
15 15 15 15 15 15 
15 15 15 15 15 15 
15 15 15 15 15 15 
15 15 15 15 15 15 
15 15 15 15 15 15 
15 15 15 15 15 15 
15 15 15 15 15 15 
15 15 15 15 15 15 
15 15 15 15 15 15 
15 15 15 15 15 15 
15 15 15 15 15 15 
15 15 15 15 15 15 
15 15 15 15 15 15 
15 15 15 15 15 15 
15 15 15 15 15 15 
15 15 15 15 15 15 
15 15 15 15 15 15 
15 15 15 15 15 15 
15 15 15 15 15 15 
15 15 15 15 15 15 
15 15 15 15 15 15 
15 15 15 15 15 15 
15 15 15 15 15 15 
15 15 15 15 15 15 
15 15 15 15 15 15 
15 15 15 15 15 15 
15 15 15 15 15 15 
15 15 15 15 15 15 
15 15 15 15 15 15 
15 15 15 15 15 15 
15 15 15 15 15 15 
15 15 15 15 15 15 
15 15 15 15 15 15 
15 15 15 15 15 15 
15 15 15 15 15 15 
15 15 15 15 15 15 
15 15 15 15 15 15 
15 15 15 15 15 15 
15 15 15 15 15 15 
15 15 15 15 15 15 
15 15 15 15 15 15 
15 15 15 15 15 15 
15 15 15 15 15 15 
15 15 15 15 15 15 
15 15 15 15 15 15 
15 15 15 15 15 15 
15 15 15 15 15 15 
15 15 15 15 15 15 
15 15 15 15 15 15 
15 15 15 15 15 15 
15 15 15 15 15 15 
15 15 15 15 15 15 
15 15 15 15 15 15 
15 15 15 15 15 15 
15 15 15 15 15 15 
15 15 15 15 15 15 
15 15 15 15 15 15 
15 15 15 15 15 15 
15 15 15 15 15 15 
15 15 15 15 15 15 
15 15 15 15 15 15 
15 15 15 15 15 15 
15 15 15 15 15 15 
15 15 15 15 15 15 
15 15 15 15 15 15 
15 15 15 15 15 15 
15 15 15 15 15 15 
15 15 15 15 15 15 
15 15 15 15 15 15 
15 15 15 15 15 15 
15 15 15 15 15 15 
15 15 15 15 15 15 
15 15 15 15 15 15 
15 15 15 15 15 15 
15 15 15 15 15 15 
15 15 15 15 15 15 
15 15 15 15 15 15 
15 15 15 15 15 15 
15 15 15 15 15 15 
15 15 15 15 15 15 
15 15 15 15 15 15 
15 15 15 15 15 15 
15 15 15 15 15 15 
15 15 15 15 15 15 
15 15 15 15 15 15 
15 15 15 15 15 15 
15 15 15 15 15 15 
15 15 15 15 15 15 
15 15 15 15 15 15 
15 15 15 15 15 15 
15 15 15 15 15 15 
15 15 15 15 15 15 
15 15 15 15 15 15 
15 15 15 15 15 15 
15 15 15 15 15 15 
15 15 15 15 15 15 
15 15 15 15 15 15 
15 15 15 15 15 15 
15 15 15 15 15 15 
15 15 15 15 15 15 
15 15 15 15 15 15 
15 15 15 15 15 15 
15 15 15 15 15 15 
15 15 15 15 15 15 
15 15 15 15 15 15 
15 15 15 15 15 15 
15 15 15 15 15 15 
15 15 15 15 15 15 
15 15 15 15 15 15 
15 15 15 15 15 15 
15 15 15 15 15 15 
15 15 15 15 15 15 
15 15 15 15 15 15 
15 15 15 15 15 15 
15 15 15 15 15 15 
15 15 15 15 15 15 
15 15 15 15 15 15 
15 15 15 15 15 15 
15 15 15 15 15 15 
15 15 15 15 15 15 
15 15 15 15 15 15 
15 15 15 15 15 15 
15 15 15 15 15 15 
15 15 15 15 15 15 
15 15 15 15 15 15 
15 15 15 15 15 15 
15 15 15 15 15 15 
15 15 15 15 15 15 
15 15 15 15 15 15 
15 15 15 15 15 15 
15 15 15 15 15 15 
15 15 15 15 15 15 
15 15 15 15 15 15 
15 15 15 15 15 15 
15 15 15 15 15 15 
15 15 15 15 15 15 
15 15 15 15 15 15 
15 15 15 15 15 15 
15 15 15 15 15 15 
15 15 15 15 15 15 
15 15 15 15 15 15 
15 15 15 15 15 15 
15 15 15 15 15 15 
15 15 15 15 15 15 
15 15 15 15 15 15 
15 15 15 15 15 15 
15 15 15 15 15 15 
15 15 15 15 15 15 
15 15 15 15 15 15 
15 15 15 15 15 15 
15 15 15 15 15 15 
15 15 15 15 15 15 
15 15 15 15 15 15 
15 15 15 15 15 15 
15 15 15 15 15 15 
15 15 15 15 15 15 
15 15 15 15 15 15 
15 15 15 15 15 15 
15 15 15 15 15 15 
15 15 15 15 15 15 
15 15 15 15 15 15 
15 15 15 15 15 15 
15 15 15 15 15 15 
15 15 15 15 15 15 
15 15 15 15 15 15 
15 15 15 15 15 15 
15 15 15 15 15 15 
15 15 15 15 15 15 
15 15 15 15 15 15 
15 15 15 15 15 15 
15 15 15 15 15 15 
15 15 15 15 15 15 
15 15 15 15 15 15 
15 15 15 15 15 15 
15 15 15 15 15 15 
15 15 15 15 15 15 
15 15 15 15 15 15 
15 15 15 15 15 15 
15 15 15 15 15 15 
15 15 15 15 15 15 
15 15 15 15 15 15 
15 15 15 15 15 15 
15 15 15 15 15 15 
15 15 15 15 15 15 
15 15 15 15 15 15 
15 15 15 15 15 15 
15 15 15 15 15 15 
15 15 15 15 15 15 
15 15 15 15 15 15 
15 15 15 15 15 15 
15 15 15 15 15 15 
15 15 15 15 15 15 
15 15 15 15 15 15 
15 15 15 15 15 15 
15 15 15 15 15 15 
15 15 15 15 15 15 
15 15 15 15 15 15 
15 15 15 15 15 15 
15 15 15 15 15 15 
15 15 15 15 15 15 
15 15 15 15 15 15 
15 15 15 15 15 15 
15 15 15 15 15 15 
15 15 15 15 15 15 
15 15 15 15 15 15 
15 15 15 15 15 15 
15 15 15 15 15 15 
15 15 15 15 15 15 
15 15 15 15 15 15 
15 15 15 15 15 15 
15 15 15 15 15 15 
15 15 15 15 15 15 
15 15 15 15 15 15 
15 15 15 15 15 15 
15 15 15 15 15 15 
15 15 15 15 15 15 
15 15 15 15 15 15 
15 15 15 15 15 15 
15 15 15 15 15 15 
15 15 15 15 15 15 
15 15 15 15 15 15 
15 15 15 15 15 15 
15 15 15 15 15 15 
15 15 15 15 15 15 
15 15 15 15 15 15 
15 15 15 15 15 15 
15 15 15 15 15 15 
15 15 15 15 15 15 
15 15 15 15 15 15 
15 15 15 15 15 15 
15 15 15 15 15 15 
15 15 15 15 15 15 
15 15 15 15 15 15 
15 15 15 15 15 15 
15 15 15 15 15 15 
15 15 15 15 15 15 
15 15 15 15 15 15 
15 15 15 15 15 15 
15 15 15 15 15 15 
15 15 15 15 15 15 
15 15 15 15 15 15 
15 15 15 15 15 15 
15 15 15 15 15 15 
15 15 15 15 15 15 
15 15 15 15 15 15 
15 15 15 15 15 15 
15 15 15 15 15 15 
15 15 15 15 15 15 
15 15 15 15 15 15 
15 15 15 15 15 15 
15 15 15 15 15 15 
15 15 15 15 15 15 
15 15 15 15 15 15 
15 15 15 15 15 15 
15 15 15 15 15 15 
15 15 15 15 15 15 
15 15 15 15 15 15 
15 15 15 15 15 15 
15 15 15 15 15 15 
15 15 15 15 15 15 
15 15 15 15 15 15 
15 15 15 15 15 15 
15 15 15 15 15 15 
15 15 15 15 15 15 
15 15 15 15 15 15 
15 15 15 15 15 15 
15 15 15 15 15 15 
15 15 15 15 15 15 
15 15 15 15 15 15 
15 15 15 15 15 15 
15 15 15 15 15 15 
15 15 15 15 15 15 
15 15 15 15 15 15 
15 15 15 15 15 15 
15 15 15 15 15 15 
15 15 15 15 15 15 
15 15 15 15 15 15 
15 15 15 15 15 15 
15 15 15 15 15 15 
15 15 15 15 15 15 
15 15 15 15 15 15 
15 15 15 15 15 15 
15 15 15 15 15 15 
15 15 15 15 15 15 
15 15 15 15 15 15 
15 15 15 15 15 15 
15 15 15 15 15 15 
15 15 15 15 15 15 
15 15 15 15 15 15 
15 15 15 15 15 15 
15 15 15 15 15 15 
15 15 15 15 15 15 
15 15 15 15 15 15 
15 15 15 15 15 15 
15 15 15 15 15 15 
15 15 15 15 15 15 
15 15 15 15 15 15 
15 15 15 15 15 15 
15 15 15 15 15 15 
15 15 15 15 15 15 
15 15 15 15 15 15 
15 15 15 15 15 15 
15 15 15 15 15 15 
15 15 15 15 15 15 
15 15 15 15 15 15 
15 15 15 15 15 15 
15 15 15 15 15 15 
15 15 15 15 15 15 
15 15 15 15 15 15 
15 15 15 15 15 15 
15 15 15 15 15 15 
15 15 15 15 15 15 
15 15 15 15 15 15 
15 15 15 15 15 15 
15 15 15 15 15 15 
15 15 15 15 15 15 
15 15 15 15 15 15 
15 15 15 15 15 15 
15 15 15 15 15 15 
15 15 15 15 15 15 
15 15 15 15 15 15 
15 15 15 15 15 15 
15 15 15 15 15 15 
15 15 15 15 15 15 
15 15 15 15 15 15 
15 15 15 15 15 15 
15 15 15 15 15 15 
15 15 15 15 15 15 
15 15 15 15 15 15 
15 15 15 15 15 15 
15 15 15 15 15 15 
15 15 15 15 15 15 
15 15 15 15 15 15 
15 15 15 15 15 15 
15 15 15 15 15 15 
15 15 15 15 15 15 
15 15 15 15 15 15 
15 15 15 15 15 15 
15 15 15 15 15 15 
15 15 15 15 15 15 
15 15 15 15 15 15 
15 15 15 15 15 15 
15 15 15 15 15 15 
15 15 15 15 15 15 
15 15 15 15 15 15 
15 15 15 15 15 15 
15 15 15 15 15 15 
15 15 15 15 15 15 
15 15 15 15 15 15 
15 15 15 15 15 15 
15 15 15 15 15 15 
15 15 15 15 15 15 
15 15 15 15 15 15 
15 15 15 15 15 15 
15 15 15 15 15 15 
15 15 15 15 15 15 
15 15 15 15 15 15 
15 15 15 15 15 15 
15 15 15 15 15 15 
15 15 15 15 15 15 
15 15 15 15 15 15 
15 15 15 15 15 15 
15 15 15 15 15 15 
15 15 15 15 15 15 
15 15 15 15 15 15 
15 15 15 15 15 15 
15 15 15 15 15 15 
15 15 15 15 15 15 
15 15 15 15 15 15 
15 15 15 15 15 15 
15 15 15 15 15 15 
15 15 15 15 15 15 
15 15 15 15 15 15 
15 15 15 15 15 15 
15 15 15 15 15 15 
15 15 15 15 15 15 
15 15 15 15 15 15 
15 15 15 15 15 15 
15 15 15 15 15 15 
15 15 15 15 15 15 
15 15 15 15 15 15 
15 15 15 15 15 15 
15 15 15 15 15 15 
15 15 15 15 15 15 
15 15 15 15 15 15 
15 15 15 15 15 15 
15 15 15 15 15 15 
15 15 15 15 15 15 
15 15 15 15 15 15 
15 15 15 15 15 15 
15 15 15 15 15 15 
15 15 15 15 15 15 
15 15 15 15 15 15 
15 15 15 15 15 15 
15 15 15 15 15 15 
15 15 15 15 15 15 
15 15 15 15 15 15 
15 15 15 15 15 15 
15 15 15 15 15 15 
15 15 15 15 15 15 
15 15 15 15 15 15 
15 15 15 15 15 15 
15 15 15 15 15 15 
15 15 15 15 15 15 
15 15 15 15 15 15 
15 15 15 15 15 15 
15 15 15 15 15 15 
15 15 15 15 15 15 
15 15 15 15 15 15 
15 15 15 15 15 15 
15 15 15 15 15 15 
15 15 15 15 15 15 
15 15 15 15 15 15 
15 15 15 15 15 15 
15 15 15 15 15 15 
15 15 15 15 15 15 
15 15 15 15 15 15 
15 15 15 15 15 15 
15 15 15 15 15 15 
15 15 15 15 15 15 
15 15 15 15 15 15 
15 15 15 15 15 15 
15 15 15 15 15 15 
15 15 15 15 15 15 
15 15 15 15 15 15 
15 15 15 15 15 15 
15 15 15 15 15 15 
15 15 15 15 15 15 
15 15 15 15 15 15 
15 15 15 15 15 15 
15 15 15 15 15 15 
15 15 15 15 15 15 
15 15 15 15 15 15 
15 15 15 15 15 15 
15 15 15 15 15 15 
15 15 15 15 15 15 
15 15 15 15 15 15 
15 15 15 15 15 15 
15 15 15 15 15 15 
15 15 15 15 15 15 
15 15 15 15 15 15 
15 15 15 15 15 15 
15 15 15 15 15 15 
15 15 15 15 15 15 
15 15 15 15 15 15 
15 15 15 15 15 15 
15 15 15 15 15 15 
15 15 15 15 15 15 
15 15 15 15 15 15 
15 15 15 15 15 15 
15 15 15 15 15 15 
15 15 15 15 15 15 
15 15 15 15 15 15 
15 15 15 15 15 15 
15 15 15 15 15 15 
15 15 15 15 15 15 
15 15 15 15 15 15 
15 15 15 15 15 15 
15 15 15 15 15 15 
15 15 15 15 15 15 
15 15 15 15 15 15 
15 15 15 15 15 15 
15 15 15 15 15 15 
15 15 15 15 15 15 
15 15 15 15 15 15 
15 15 15 15 15 15 
15 15 15 15 15 15 
15 15 15 15 15 15 
15 15 15 15 15 15 
15 15 15 15 15 15 
15 15 15 15 15 15 
15 15 15 15 15 15 
15 15 15 15 15 15 
15 15 15 15 15 15 
15 15 15 15 15 15 
15 15 15 15 15 15 
15 15 15 15 15 15 
15 15 15 15 15 15 
15 15 15 15 15 15 
15 15 15 15 15 15 
15 15 15 15 15 15 
15 15 15 15 15 15 
15 15 15 15 15 15 
15 15 15 15 15 15 
15 15 15 15 15 15 
15 15 15 15 15 15 
15 15 15 15 15 15 
15 15 15 15 15 15 
15 15 15 15 15 15 
15 15 15 15 15 15 
15 15 15 15 15 15 
15 15 15 15 15 15 
15 15 15 15 15 15 
15 15 15 15 15 15 
15 15 15 15 15 15 
15 15 15 15 15 15 
15 15 15 15 15 15 
15 15 15 15 15 15 
15 15 15 15 15 15 
15 15 15 15 15 15 
15 15 15 15 15 15 
15 15 15 15 15 15 
15 15 15 15 15 15 
15 15 15 15 15 15 
15 15 15 15 15 15 
15 15 15 15 15 15 
15 15 15 15 15 15 
15 15 15 15 15 15 
15 15 15 15 15 15 
15 15 15 15 15 15 
15 15 15 15 15 15 
15 15 15 15 15 15 
15 15 15 15 15 15 
15 15 15 15 15 15 
15 15 15 15 15 15 
15 15 15 15 15 15 
15 15 15 15 15 15 
15 15 15 15 15 15 
15 15 15 15 15 15 
15 15 15 15 15 15 
15 15 15 15 15 15 
15 15 15 15 15 15 
15 15 15 15 15 15 
15 15 15 15 15 15 
15 15 15 15 15 15 
15 15 15 15 15 15 
15 15 15 15 15 15 
15 15 15 15 15 15 
15 15 15 15 15 15 
15 15 15 15 15 15 
15 15 15 15 15 15 
15 15 15 15 15 15 
15 15 15 15 15 15 
15 15 15 15 15 15 
15 15 15 15 15 15 
15 15 15 15 15 15 
15 15 15 15 15 15 
15 15 15 15 15 15 
15 15 15 15 15 15 
15 15 15 15 15 15 
15 15 15 15 15 15 
15 15 15 15 15 15 
15 15 15 15 15 15 
15 15 15 15 15 15 
15 15 15 15 15 15 
15 15 15 15 15 15 
15 15 15 15 15 15 
15 15 15 15 15 15 
15 15 15 15 15 15 
15 15 15 15 15 15 
15 15 15 15 15 15 
15 15 15 15 15 15 
15 15 15 15 15 15 
15 15 15 15 15 15 
15 15 15 15 15 15 
15 15 15 15 15 15 
15 15 15 15 15 15 
15 15 15 15 15 15 
15 15 15 15 15 15 
15 15 15 15 15 15 
15 15 15 15 15 15 
15 15 15 15 15 15 
15 15 15 15 15 15 
15 15 15 15 15 15 
15 15 15 15 15 15 
15 15 15 15 15 15 
15 15 15 15 15 15 
15 15 15 15 15 15 
15 15 15 15 15 15 
15 15 15 15 15 15 
15 15 15 15 15 15 
15 15 15 15 15 15 
15 15 15 15 15 15 
15 15 15 15 15 15 
15 15 15 15 15 15 
15 15 15 15 15 15 
15 15 15 15 15 15 
15 15 15 15 15 15 
15 15 15 15 15 15 
15 15 15 15 15 15 
15 15 15 15 15 15 
15 15 15 15 15 15 
15 15 15 15 15 15 
15 15 15 15 15 15 
15 15 15 15 15 15 
15 15 15 15 15 15 
15 15 15 15 15 15 
15 15 15 15 15 15 
15 15 15 15 15 15 
15 15 15 15 15 15 
15 15 15 15 15 15 
15 15 15 15 15 15 
15 15 15 15 15 15 
15 15 15 15 15 15 
15 15 15 15 15 15 
15 15 15 15 15 15 
15 15 15 15 15 15 
15 15 15 15 15 15 
15 15 15 15 15 15 
15 15 15 15 15 15 
15 15 15 15 15 15 
15 15 15 15 15 15 
15 15 15 15 15 15 
15 15 15 15 15 15 
15 15 15 15 15 15 
15 15 15 15 15 15 
15 15 15 15 15 15 
15 15 15 15 15 15 
15 15 15 15 15 15 
15 15 15 15 15 15 
15 15 15 15 15 15 
15 15 15 15 15 15 
15 15 15 15 15 15 
15 15 15 15 15 15 
15 15 15 15 15 15 
15 15 15 15 15 15 
15 15 15 15 15 15 
15 15 15 15 15 15 
15 15 15 15 15 15 
15 15 15 15 15 15 
15 15 15 15 15 15 
15 15 15 15 15 15 
15 15 15 15 15 15 
15 15 15 15 15 15 
15 15 15 15 15 15 
15 15 15 15 15 15 
15 15 15 15 15 15 
15 15 15 15 15 15 
15 15 15 15 15 15 
15 15 15 15 15 15 
15 15 15 15 15 15 
15 15 15 15 15 15 
15 15 15 15 15 15 
15 15 15 15 15 15 
15 15 15 15 15 15 
15 15 15 15 15 15 
15 15 15 15 15 15 
15 15 15 15 15 15 
15 15 15 15 15 15 
15 15 15 15 15 15 
15 15 15 15 15 15 
15 15 15 15 15 15 
15 15 15 15 15 15 
15 15 15 15 15 15 
15 15 15 15 15 15 
15 15 15 15 15 15 
15 15 15 15 15 15 
15 15 15 15 15 15 
15 15 15 15 15 15 
15 15 15 15 15 15 
15 15 15 15 15 15 
15 15 15 15 15 15 
15 15 15 15 15 15 
15 15 15 15 15 15 
15 15 15 15 15 15 
15 15 15 15 15 15 
15 15 15 15 15 15 
15 15 15 15 15 15 
15 15 15 15 15 15 
15 15 15 15 15 15 
15 15 15 15 15 15 
15 15 15 15 15 15 
15 15 15 15 15 15 
15 15 15 15 15 15 
15 15 15 15 15 15 
15 15 15 15 15 15 
15 15 15 15 15 15 
15 15 15 15 15 15 
15 15 15 15 15 15 
15 15 15 15 15 15 
15 15 15 15 15 15 
15 15 15 15 15 15 
15 15 15 15 15 15 
15 15 15 15 15 15 
15 15 15 15 15 15 
15 15 15 15 15 15 
15 15 15 15 15 15 
15 15 15 15 15 15 
15 15 15 15 15 15 
15 15 15 15 15 15 
15 15 15 15 15 15 
15 15 15 15 15 15 
15 15 15 15 15 15 
15 15 15 15 15 15 
15 15 15 15 15 15 
15 15 15 15 15 15 
15 15 15 15 15 15 
15 15 15 15 15 15 
15 15 15 15 15 15 
15 15 15 15 15 15 
15 15 15 15 15 15 
15 15 15 15 15 15 
15 15 15 15 15 15 
15 15 15 15 15 15 
15 15 15 15 15 15 
15 15 15 15 15 15 
15 15 15 15 15 15 
15 15 15 15 15 15 
15 15 15 15 15 15 
15 15 15 15 15 15 
15 15 15 15 15 15 
15 15 15 15 15 15 
15 15 15 15 15 15 
15 15 15 15 15 15 
15 15 15 15 15 15 
15 15 15 15 15 15 
15 15 15 15 15 15 
15 15 15 15 15 15 
15 15 15 15 15 15 
15 15 15 15 15 15 
15 15 15 15 15 15 
15 15 15 15 15 15 
15 15 15 15 15 15 
15 15 15 15 15 15 
15 15 15 15 15 15 
15 15 15 15 15 15 
15 15 15 15 15 15 
15 15 15 15 15 15 
15 15 15 15 15 15 
15 15 15 15 15 15 
15 15 15 15 15 15 
15 15 15 15 15 15 
15 15 15 15 15 15 
15 15 15 15 15 15 
15 15 15 15 15 15 
15 15 15 15 15 15 
15 15 15 15 15 15 
15 15 15 15 15 15 
15 15 15 15 15 15 
15 15 15 15 15 15 
15 15 15 15 15 15 
15 15 15 15 15 15 
15 15 15 15 15 15 
15 15 15 15 15 15 
15 15 15 15 15 15 
15 15 15 15 15 15 
15 15 15 15 15 15 
15 15 15 15 15 15 
15 15 15 15 15 15 
15 15 15 15 15 15 
15 15 15 15 15 15 
15 15 15 15 15 15 
15 15 15 15 15 15 
15 15 15 15 15 15 
15 15 15 15 15 15 
15 15 15 15 15 15 
15 15 15 15 15 15 
15 15 15 15 15 15 
15 15 15 15 15 15 
15 15 15 15 15 15 
15 15 15 15 15 15 
15 15 15 15 15 15 
15 15 15 15 15 15 
15 15 15 15 15 15 
15 15 15 15 15 15 
15 15 15 15 15 15 
15 15 15 15 15 15 
15 15 15 15 15 15 
15 15 15 15 15 15 
15 15 15 15 15 15 
15 15 15 15 15 15 
15 15 15 15 15 15 
15 15 15 15 15 15 
15 15 15 15 15 15 
15 15 15 15 15 15 
15 15 15 15 15 15 
15 15 15 15 15 15 
15 15 15 15 15 15 
15 15 15 15 15 15 
15 15 15 15 15 15 
15 15 15 15 15 15 
15 15 15 15 15 15 
15 15 15 15 15 15 
15 15 15 15 15 15 
15 15 15 15 15 15 
15 15 15 15 15 15 
15 15 15 15 15 15 
15 15 15 15 15 15 
15 15 15 15 15 15 
15 15 15 15 15 15 
15 15 15 15 15 15 
15 15 15 15 15 15 
15 15 15 15 15 15 
15 15 15 15 15 15 
15 15 15 15 15 15 
15 15 15 15 15 15 
15 15 15 15 15 15 
15 15 15 15 15 15 
15 15 15 15 15 15 
15 15 15 15 15 15 
15 15 15 15 15 15 
15 15 15 15 15 15 
15 15 15 15 15 15 
15 15 15 15 15 15 
15 15 15 15 15 15 
15 15 15 15 15 15 
15 15 15 15 15 15 
15 15 15 15 15 15 
15 15 15 15 15 15 
15 15 15 15 15 15 
15 15 15 15 15 15 
15 15 15 15 15 15 
15 15 15 15 15 15 
15 15 15 15 15 15 
15 15 15 15 15 15 
15 15 15 15 15 15 
15 15 15 15 15 15 
15 15 15 15 15 15 
15 15 15 15 15 15 
15 15 15 15 15 15 
15 15 15 15 15 15 
15 15 15 15 15 15 
15 15 15 15 15 15 
15 15 15 15 15 15 
15 15 15 15 15 15 
15 15 15 15 15 15 
15 15 15 15 15 15 
15 15 15 15 15 15 
15 15 15 15 15 15 
15 15 15 15 15 15 
15 15 15 15 15 15 
15 15 15 15 15 15 
15 15 15 15 15 15 
15 15 15 15 15 15 
15 15 15 15 15 15 
15 15 15 15 15 15 
15 15 15 15 15 15 
15 15 15 15 15 15 
15 15 15 15 15 15 
15 15 15 15 15 15 
15 15 15 15 15 15 
15 15 15 15 15 15 
15 15 15 15 15 15 
15 15 15 15 15 15 
15 15 15 15 15 15 
15 15 15 15 15 15 
15 15 15 15 15 15 
15 15 15 15 15 15 
15 15 15 15 15 15 
15 15 15 15 15 15 
15 15 15 15 15 15 
15 15 15 15 15 15 
15 15 15 15 15 15 
15 15 15 15 15 15 
15 15 15 15 15 15 
15 15 15 15 15 15 
15 15 15 15 15 15 
15 15 15 15 15 15 
15 15 15 15 15 15 
15 15 15 15 15 15 
15 15 15 15 15 15 
15 15 15 15 15 15 
15 15 15 15 15 15 
15 15 15 15 15 15 
15 15 15 15 15 15 
15 15 15 15 15 15 
15 15 15 15 15 15 
15 15 15 15 15 15 
15 15 15 15 15 15 
15 15 15 15 15 15 
15 15 15 15 15 15 
15 15 15 15 15 15 
15 15 15 15 15 15 
15 15 15 15 15 15 
15 15 15 15 15 15 
15 15 15 15 15 15 
15 15 15 15 15 15 
15 15 15 15 15 15 
15 15 15 15 15 15 
15 15 15 15 15 15 
15 15 15 15 15 15 
15 15 15 15 15 15 
15 15 15 15 15 15 
15 15 15 15 15 15 
15 15 15 15 15 15 
15 15 15 15 15 15 
15 15 15 15 15 15 
15 15 15 15 15 15 
15 15 15 15 15 15 
15 15 15 15 15 15 
15 15 15 15 15 15 
15 15 15 15 15 15 
15 15 15 15 15 15 
15 15 15 15 15 15 
15 15 15 15 15 15 
15 15 15 15 15 15 
15 15 15 15 15 15 
15 15 15 15 15 15 
15 15 15 15 15 15 
15 15 15 15 15 15 
15 15 15 15 15 15 
15 15 15 15 15 15 
15 15 15 15 15 15 
15 15 15 15 15 15 
15 15 15 15 15 15 
15 15 15 15 15 15 
15 15 15 15 15 15 
15 15 15 15 15 15 
15 15 15 15 15 15 
15 15 15 15 15 15 
15 15 15 15 15 15 
15 15 15 15 15 15 
15 15 15 15 15 15 
15 15 15 15 15 15 
15 15 15 15 15 15 
15 15 15 15 15 15 
15 15 15 15 15 15 
15 15 15 15 15 15 
15 15 15 15 15 15 
15 15 15 15 15 15 
15 15 15 15 15 15 
15 15 15 15 15 15 
15 15 15 15 15 15 
15 15 15 15 15 15 
15 15 15 15 15 15 
15 15 15 15 15 15 
15 15 15 15 15 15 
15 15 15 15 15 15 
15 15 15 15 15 15 
15 15 15 15 15 15 
15 15 15 15 15 15 
15 15 15 15 15 15 
15 15 15 15 15 15 
15 15 15 15 15 15 
15 15 15 15 15 15 
15 15 15 15 15 15 
15 15 15 15 15 15 
15 15 15 15 15 15 
15 15 15 15 15 15 
15 15 15 15 15 15 
15 15 15 15 15 15 
15 15 15 15 15 15 
15 15 15 15 15 15 
15 15 15 15 15 15 
15 15 15 15 15 15 
15 15 15 15 15 15 
15 15 15 15 15 15 
15 15 15 15 15 15 
15 15 15 15 15 15 
15 15 15 15 15 15 
15 15 15 15 15 15 
15 15 15 15 15 15 
15 15 15 15 15 15 
15 15 15 15 15 15 
15 15 15 15 15 15 
15 15 15 15 15 15 
15 15 15 15 15 15 
15 15 15 15 15 15 
15 15 15 15 15 15 
15 15 15 15 15 15 
15 15 15 15 15 15 
15 15 15 15 15 15 
15 15 15 15 15 15 
15 15 15 15 15 15 
15 15 15 15 15 15 
15 15 15 15 15 15 
15 15 15 15 15 15 
15 15 15 15 15 15 
15 15 15 15 15 15 
15 15 15 15 15 15 
15 15 15 15 15 15 
15 15 15 15 15 15 
15 15 15 15 15 15 
15 15 15 15 15 15 
15 15 15 15 15 15 
15 15 15 15 15 15 
15 15 15 15 15 15 
15 15 15 15 15 15 
15 15 15 15 15 15 
15 15 15 15 15 15 
15 15 15 15 15 15 
15 15 15 15 15 15 
15 15 15 15 15 15 
15 15 15 15 15 15 
15 15 15 15 15 15 
15 15 15 15 15 15 
15 15 15 15 15 15 
15 15 15 15 15 15 
15 15 15 15 15 15 
15 15 15 15 15 15 
15 15 15 15 15 15 
15 15 15 15 15 15 
15 15 15 15 15 15 
15 15 15 15 15 15 
15 15 15 15 15 15 
15 15 15 15 15 15 
15 15 15 15 15 15 
15 15 15 15 15 15 
15 15 15 15 15 15 
15 15 15 15 15 15 
15 15 15 15 15 15 
15 15 15 15 15 15 
15 15 15 15 15 15 
15 15 15 15 15 15 
15 15 15 15 15 15 
15 15 15 15 15 15 
15 15 15 15 15 15 
15 15 15 15 15 15 
15 15 15 15 15 15 
15 15 15 15 15 15 
15 15 15 15 15 15 
15 15 15 15 15 15 
15 15 15 15 15 15 
15 15 15 15 15 15 
15 15 15 15 15 15 
15 15 15 15 15 15 
15 15 15 15 15 15 
15 15 15 15 15 15 
15 15 15 15 15 15 
15 15 15 15 15 15 
15 15 15 15 15 15 
15 15 15 15 15 15 
15 15 15 15 15 15 
15 15 15 15 15 15 
15 15 15 15 15 15 
15 15 15 15 15 15 
15 15 15 15 15 15 
15 15 15 15 15 15 
15 15 15 15 15 15 
15 15 15 15 15 15 
15 15 15 15 15 15 
15 15 15 15 15 15 
15 15 15 15 15 15 
15 15 15 15 15 15 
15 15 15 15 15 15 
15 15 15 15 15 15 
15 15 15 15 15 15 
15 15 15 15 15 15 
15 15 15 15 15 15 
15 15 15 15 15 15 
15 15 15 15 15 15 
15 15 15 15 15 15 
15 15 15 15 15 15 
15 15 15 15 15 15 
15 15 15 15 15 15 
15 15 15 15 15 15 
15 15 15 15 15 15 
15 15 15 15 15 15 
15 15 15 15 15 15 
15 15 15 15 15 15 
15 15 15 15 15 15 
15 15 15 15 15 15 
15 15 15 15 15 15 
15 15 15 15 15 15 
15 15 15 15 15 15 
15 15 15 15 15 15 
15 15 15 15 15 15 
15 15 15 15 15 15 
15 15 15 15 15 15 
15 15 15 15 15 15 
15 15 15 15 15 15 
15 15 15 15 15 15 
15 15 15 15 15 15 
15 15 15 15 15 15 
15 15 15 15 15 15 
15 15 15 15 15 15 
15 15 15 15 15 15 
15 15 15 15 15 15 
15 15 15 15 15 15 
15 15 15 15 15 15 
15 15 15 15 15 15 
15 15 15 15 15 15 
15 15 15 15 15 15 
15 15 15 15 15 15 
15 15 15 15 15 15 
15 15 15 15 15 15 
15 15 15 15 15 15 
15 15 15 15 15 15 
15 15 15 15 15 15 
15 15 15 15 15 15 
15 15 15 15 15 15 
15 15 15 15 15 15 
15 15 15 15 15 15 
15 15 15 15 15 15 
15 15 15 15 15 15 
15 15 15 15 15 15 
15 15 15 15 15 15 
15 15 15 15 15 15 
15 15 15 15 15 15 
15 15 15 15 15 15 
15 15 15 15 15 15 
15 15 15 15 15 15 
15 15 15 15 15 15 
15 15 15 15 15 15 
15 15 15 15 15 15 
15 15 15 15 15 15 
15 15 15 15 15 15 
15 15 15 15 15 15 
15 15 15 15 15 15 
15 15 15 15 15 15 
15 15 15 15 15 15 
15 15 15 15 15 15 
15 15 15 15 15 15 
15 15 15 15 15 15 
15 15 15 15 15 15 
15 15 15 15 15 15 
15 15 15 15 15 15 
15 15 15 15 15 15 
15 15 15 15 15 15 
15 15 15 15 15 15 
15 15 15 15 15 15 
15 15 15 15 15 15 
15 15 15 15 15 15 
15 15 15 15 15 15 
15 15 15 15 15 15 
15 15 15 15 15 15 
15 15 15 15 15 15 
15 15 15 15 15 15 
15 15 15 15 15 15 
15 15 15 15 15 15 
15 15 15 15 15 15 
15 15 15 15 15 15 
15 15 15 15 15 15 
15 15 15 15 15 15 
15 15 15 15 15 15 
15 15 15 15 15 15 
15 15 15 15 15 15 
15 15 15 15 15 15 
15 15 15 15 15 15 
15 15 15 15 15 15 
15 15 15 15 15 15 
15 15 15 15 15 15 
15 15 15 15 15 15 
15 15 15 15 15 15 
15 15 15 15 15 15 
15 15 15 15 15 15 
15 15 15 15 15 15 
15 15 15 15 15 15 
15 15 15 15 15 15 
15 15 15 15 15 15 
15 15 15 15 15 15 
15 15 15 15 15 15 
15 15 15 15 15 15 
15 15 15 15 15 15 
15 15 15 15 15 15 
15 15 15 15 15 15 
15 15 15 15 15 15 
15 15 15 15 15 15 
15 15 15 15 15 15 
15 15 15 15 15 15 
15 15 15 15 15 15 
15 15 15 15 15 15 
15 15 15 15 15 15 
15 15 15 15 15 15 
15 15 15 15 15 15 
15 15 15 15 15 15 
15 15 15 15 15 15 
15 15 15 15 15 15 
15 15 15 15 15 15 
15 15 15 15 15 15 
15 15 15 15 15 15 
15 15 15 15 15 15 
15 15 15 15 15 15 
15 15 15 15 15 15 
15 15 15 15 15 15 
15 15 15 15 15 15 
15 15 15 15 15 15 
15 15 15 15 15 15 
15 15 15 15 15 15 
15 15 15 15 15 15 
15 15 15 15 15 15 
15 15 15 15 15 15 
15 15 15 15 15 15 
15 15 15 15 15 15 
15 15 15 15 15 15 
15 15 15 15 15 15 
15 15 15 15 15 15 
15 15 15 15 15 15 
15 15 15 15 15 15 
15 15 15 15 15 15 
15 15 15 15 15 15 
15 15 15 15 15 15 
15 15 15 15 15 15 
15 15 15 15 15 15 
15 15 15 15 15 15 
15 15 15 15 15 15 
15 15 15 15 15 15 
15 15 15 15 15 15 
15 15 15 15 15 15 
15 15 15 15 15 15 
15 15 15 15 15 15 
15 15 15 15 15 15 
15 15 15 15 15 15 
15 15 15 15 15 15 
15 15 15 15 15 15 
15 15 15 15 15 15 
15 15 15 15 15 15 
15 15 15 15 15 15 
15 15 15 15 15 15 
15 15 15 15 15 15 
15 15 15 15 15 15 
15 15 15 15 15 15 
15 15 15 15 15 15 
15 15 15 15 15 15 
15 15 15 15 15 15 
15 15 15 15 15 15 
15 15 15 15 15 15 
15 15 15 15 15 15 
15 15 15 15 15 15 
15 15 15 15 15 15 
15 15 15 15 15 15 
15 15 15 15 15 15 
15 15 15 15 15 15 
15 15 15 15 15 15 
15 15 15 15 15 15 
15 15 15 15 15 15 
15 15 15 15 15 15 
15 15 15 15 15 15 
15 15 15 15 15 15 
15 15 15 15 15 15 
15 15 15 15 15 15 
15 15 15 15 15 15 
15 15 15 15 15 15 
15 15 15 15 15 15 
15 15 15 15 15 15 
15 15 15 15 15 15 
15 15 15 15 15 15 
15 15 15 15 15 15 
15 15 15 15 15 15 
15 15 15 15 15 15 
15 15 15 15 15 15 
15 15 15 15 15 15 
15 15 15 15 15 15 
15 15 15 15 15 15 
15 15 15 15 15 15 
15 15 15 15 15 15 
15 15 15 15 15 15 
15 15 15 15 15 15 
15 15 15 15 15 15 
15 15 15 15 15 15 
15 15 15 15 15 15 
15 15 15 15 15 15 
15 15 15 15 15 15 
15 15 15 15 15 15 
15 15 15 15 15 15 
15 15 15 15 15 15 
15 15 15 15 15 15 
15 15 15 15 15 15 
15 15 15 15 15 15 
15 15 15 15 15 15 
15 15 15 15 15 15 
15 15 15 15 15 15 
15 15 15 15 15 15 
15 15 15 15 15 15 
15 15 15 15 15 15 
15 15 15 15 15 15 
15 15 15 15 15 15 
15 15 15 15 15 15 
15 15 15 15 15 15 
15 15 15 15 15 15 
15 15 15 15 15 15 
15 15 15 15 15 15 
15 15 15 15 15 15 
15 15 15 15 15 15 
15 15 15 15 15 15 
15 15 15 15 15 15 
15 15 15 15 15 15 
15 15 15 15 15 15 
15 15 15 15 15 15 
15 15 15 15 15 15 
15 15 15 15 15 15 
15 15 15 15 15 15 
15 15 15 15 15 15 
15 15 15 15 15 15 
15 15 15 15 15 15 
15 15 15 15 15 15 
15 15 15 15 15 15 
15 15 15 15 15 15 
15 15 15 15 15 15 
15 15 15 15 15 15 
15 15 15 15 15 15 
15 15 15 15 15 15 
15 15 15 15 15 15 
15 15 15 15 15 15 
15 15 15 15 15 15 
15 15 15 15 15 15 
15 15 15 15 15 15 
15 15 15 15 15 15 
15 15 15 15 15 15 
15 15 15 15 15 15 
15 15 15 15 15 15 
15 15 15 15 15 15 
15 15 15 15 15 15 
15 15 15 15 15 15 
15 15 15 15 15 15 
15 15 15 15 15 15 
15 15 15 15 15 15 
15 15 15 15 15 15 
15 15 15 15 15 15 
15 15 15 15 15 15 
15 15 15 15 15 15 
15 15 15 15 15 15 
15 15 15 15 15 15 
15 15 15 15 15 15 
15 15 15 15 15 15 
15 15 15 15 15 15 
15 15 15 15 15 15 
15 15 15 15 15 15 
15 15 15 15 15 15 
15 15 15 15 15 15 
15 15 15 15 15 15 
15 15 15 15 15 15 
15 15 15 15 15 15 
15 15 15 15 15 15 
15 15 15 15 15 15 
15 15 15 15 15 15 
15 15 15 15 15 15 
15 15 15 15 15 15 
15 15 15 15 15 15 
15 15 15 15 15 15 
15 15 15 15 15 15 
15 15 15 15 15 15 
15 15 15 15 15 15 
15 15 15 15 15 15 
15 15 15 15 15 15 
15 15 15 15 15 15 
15 15 15 15 15 15 
15 15 15 15 15 15 
15 15 15 15 15 15 
15 15 15 15 15 15 
15 15 15 15 15 15 
15 15 15 15 15 15 
15 15 15 15 15 15 
15 15 15 15 15 15 
15 15 15 15 15 15 
15 15 15 15 15 15 
15 15 15 15 15 15 
15 15 15 15 15 15 
15 15 15 15 15 15 
15 15 15 15 15 15 
15 15 15 15 15 15 
15 15 15 15 15 15 
15 15 15 15 15 15 
15 15 15 15 15 15 
15 15 15 15 15 15 
15 15 15 15 15 15 
15 15 15 15 15 15 
15 15 15 15 15 15 
15 15 15 15 15 15 
15 15 15 15 15 15 
15 15 15 15 15 15 
15 15 15 15 15 15 
15 15 15 15 15 15 
15 15 15 15 15 15 
15 15 15 15 15 15 
15 15 15 15 15 15 
15 15 15 15 15 15 
15 15 15 15 15 15 
15 15 15 15 15 15 
15 15 15 15 15 15 
15 15 15 15 15 15 
15 15 15 15 15 15 
15 15 15 15 15 15 
15 15 15 15 15 15 
15 15 15 15 15 15 
15 15 15 15 15 15 
15 15 15 15 15 15 
15 15 15 15 15 15 
15 15 15 15 15 15 
15 15 15 15 15 15 
15 15 15 15 15 15 
15 15 15 15 15 15 
15 15 15 15 15 15 
15 15 15 15 15 15 
15 15 15 15 15 15 
15 15 15 15 15 15 
15 15 15 15 15 15 
15 15 15 15 15 15 
15 15 15 15 15 15 
15 15 15 15 15 15 
15 15 15 15 15 15 
15 15 15 15 15 15 
15 15 15 15 15 15 
15 15 15 15 15 15 
15 15 15 15 15 15 
15 15 15 15 15 15 
15 15 15 15 15 15 
15 15 15 15 15 15 
15 15 15 15 15 15 
15 15 15 15 15 15 
15 15 15 15 15 15 
15 15 15 15 15 15 
15 15 15 15 15 15 
15 15 15 15 15 15 
15 15 15 15 15 15 
15 15 15 15 15 15 
15 15 15 15 15 15 
15 15 15 15 15 15 
15 15 15 15 15 15 
15 15 15 15 15 15 
15 15 15 15 15 15 
15 15 15 15 15 15 
15 15 15 15 15 15 
15 15 15 15 15 15 
15 15 15 15 15 15 
15 15 15 15 15 15 
15 15 15 15 15 15 
15 15 15 15 15 15 
15 15 15 15 15 15 
15 15 15 15 15 15 
15 15 15 15 15 15 
15 15 15 15 15 15 
15 15 15 15 15 15 
15 15 15 15 15 15 
15 15 15 15 15 15 
15 15 15 15 15 15 
15 15 15 15 15 15 
15 15 15 15 15 15 
15 15 15 15 15 15 
15 15 15 15 15 15 
15 15 15 15 15 15 
15 15 15 15 15 15 
15 15 15 15 15 15 
15 15 15 15 15 15 
15 15 15 15 15 15 
15 15 15 15 15 15 
15 15 15 15 15 15 
15 15 15 15 15 15 
15 15 15 15 15 15 
15 15 15 15 15 15 
15 15 15 15 15 15 
15 15 15 15 15 15 
15 15 15 15 15 15 
15 15 15 15 15 15 
15 15 15 15 15 15 
15 15 15 15 15 15 
15 15 15 15 15 15 
15 15 15 15 15 15 
15 15 15 15 15 15 
15 15 15 15 15 15 
15 15 15 15 15 15 
15 15 15 15 15 15 
15 15 15 15 15 15 
15 15 15 15 15 15 
15 15 15 15 15 15 
15 15 15 15 15 15 
15 15 15 15 15 15 
15 15 15 15 15 15 
15 15 15 15 15 15 
15 15 15 15 15 15 
15 15 15 15 15 15 
15 15 15 15 15 15 
15 15 15 15 15 15 
15 15 15 15 15 15 
15 15 15 15 15 15 
15 15 15 15 15 15 
15 15 15 15 15 15 
15 15 15 15 15 15 
15 15 15 15 15 15 
15 15 15 15 15 15 
att
1 0 1 0 0 0 
0 1 0 0 0 0 
0 0 1 0 0 0 
0 0 1 0 0 0 
0 1 1 0 0 0 
1 1 0 0 0 0 
0 1 0 0 0 0 
0 0 0 1 1 0 
0 0 0 1 0 1 
0 0 0 1 1 1 
0 0 0 1 1 1 
0 0 0 1 1 1 
0 0 0 1 1 0 
0 0 0 0 0 1 
0 0 0 1 1 1 
0 0 0 1 0 1 
0 0 0 1 1 1 
0 0 0 1 1 1 
0 0 0 1 1 1 
0 0 0 1 0 1 
