nbServi = 6 ;
nbVehi = 20 ;
nbCust = 70 ;
nbSynch = 30 ;
e
0 451 156 146 18 1 83 137 124 310 401 28 428 72 471 349 24 173 120 271 98 249 128 337 379 56 258 52 377 471 92 104 304 156 233 53 79 214 419 101 314 270 466 31 192 125 214 206 88 88 45 32 189 295 33 106 35 339 433 265 20 253 154 195 236 75 66 44 269 381 417 293 288 446 173 478 361 246 192 476 421 316 104 214 227 457 107 377 28 136 180 172 272 41 318 109 447 116 380 314 256 
l
600 571 276 266 138 121 203 257 244 430 521 148 548 192 591 469 144 293 240 391 218 369 248 457 499 176 378 172 497 591 212 224 424 276 353 173 199 334 539 221 434 390 586 151 312 245 334 326 208 208 165 152 309 415 153 226 155 459 553 385 140 373 274 315 356 195 186 164 389 501 537 413 408 566 293 598 481 366 312 596 541 436 224 334 347 577 227 497 148 256 300 292 392 161 438 229 567 236 500 434 376 
cx
11 66 41 77 90 8 12 29 53 51 9 97 96 92 31 64 16 73 54 61 70 51 5 66 88 32 35 66 59 65 13 15 35 64 21 33 26 18 86 16 56 14 17 17 16 12 81 89 96 14 11 68 69 86 18 55 4 17 68 10 93 97 47 11 24 76 52 48 3 38 11 52 49 95 96 2 33 45 46 27 90 5 52 0 88 7 6 77 49 89 4 39 13 68 92 63 11 58 30 32 0 
cy
26 33 46 29 16 44 6 17 12 28 33 36 8 28 48 27 9 3 23 12 13 19 21 45 1 44 33 11 45 34 32 25 0 46 38 22 34 18 23 2 36 26 23 14 24 3 44 19 2 11 37 4 26 0 25 32 42 21 4 24 31 44 7 1 7 26 21 43 35 23 2 40 45 6 34 11 29 20 7 25 34 26 37 35 10 5 11 25 36 29 12 14 2 15 39 27 34 13 6 2 0 
s
1 1 1 1 1 1 
0 1 0 0 0 0 
1 0 0 0 0 0 
0 0 1 0 0 0 
1 0 0 0 0 0 
0 1 0 0 0 0 
0 0 0 0 0 1 
0 0 0 0 0 1 
0 0 0 0 1 0 
0 0 0 0 1 0 
0 0 0 0 0 1 
0 0 0 0 1 0 
0 0 1 0 0 0 
1 0 0 0 0 0 
0 0 0 1 0 0 
0 1 0 0 0 0 
1 0 0 0 0 0 
0 0 0 0 0 1 
1 0 0 0 0 0 
0 1 0 0 0 0 
0 0 1 0 0 0 
0 0 0 1 0 0 
0 0 1 0 0 0 
0 1 0 0 0 0 
0 1 0 0 0 0 
0 0 1 0 0 0 
1 0 0 0 0 0 
0 0 0 0 1 0 
0 0 0 0 0 1 
0 0 0 1 0 0 
0 0 1 0 0 0 
0 0 1 0 0 0 
0 0 0 0 1 0 
1 0 0 0 0 0 
0 0 0 0 0 1 
0 0 0 0 0 1 
0 1 0 0 0 0 
0 0 0 0 1 0 
0 0 0 0 0 1 
0 0 0 0 0 1 
0 0 1 0 0 0 
1 0 0 0 0 0 
0 0 0 0 1 0 
0 1 0 0 0 0 
1 0 0 0 0 0 
0 0 0 0 0 1 
0 0 0 0 1 0 
0 0 1 0 0 0 
0 0 0 0 1 0 
0 0 0 0 1 0 
0 0 0 1 0 0 
0 0 1 0 0 0 
0 0 0 1 0 0 
0 1 0 0 0 0 
0 0 0 1 0 0 
0 0 0 0 1 0 
0 0 0 0 0 1 
0 0 0 1 0 0 
0 1 0 0 0 0 
0 1 0 0 0 0 
0 0 1 0 0 0 
0 1 0 0 0 0 
0 0 0 0 1 0 
0 0 0 1 0 0 
0 0 1 0 0 0 
0 0 0 1 0 0 
1 0 0 0 0 0 
0 0 1 0 0 0 
0 0 0 0 0 1 
0 0 0 1 0 0 
0 0 0 1 0 0 
0 0 0 1 0 1 
0 0 0 0 1 1 
0 0 0 0 1 1 
0 0 0 0 1 1 
0 0 0 0 1 1 
0 0 0 0 1 1 
0 0 0 1 1 0 
0 0 0 0 1 1 
0 0 0 1 0 1 
0 0 0 1 1 0 
0 0 0 0 1 1 
0 0 0 1 0 1 
0 0 0 1 1 0 
0 0 0 0 1 1 
0 0 0 1 0 1 
1 0 0 0 1 0 
0 1 0 0 0 1 
0 0 1 1 0 0 
1 0 0 1 0 0 
0 0 1 1 0 0 
0 1 0 1 0 0 
0 0 1 1 0 0 
0 0 1 0 0 1 
0 0 1 1 0 0 
0 0 1 0 0 1 
1 0 0 1 0 0 
0 1 0 0 1 0 
0 1 0 0 0 1 
1 0 0 0 0 1 
0 0 1 1 0 0 
delta
34 68 
27 54 
44 88 
59 118 
52 104 
2 4 
25 50 
10 20 
17 34 
55 110 
49 98 
57 114 
32 64 
52 104 
47 94 
38 76 
5 10 
33 66 
1 2 
39 78 
21 42 
54 108 
55 110 
41 82 
6 12 
17 34 
5 10 
51 102 
1 2 
25 50 
55 110 
35 70 
41 82 
49 98 
4 8 
5 10 
10 20 
2 4 
21 42 
10 20 
59 118 
19 38 
19 38 
2 4 
44 88 
49 98 
7 14 
48 96 
40 80 
11 22 
24 48 
4 8 
11 22 
52 104 
38 76 
21 42 
50 100 
21 42 
8 16 
49 98 
51 102 
21 42 
17 34 
59 118 
20 40 
3 6 
0 0 
43 86 
43 86 
39 78 
18 36 
0 0 
0 0 
0 0 
0 0 
0 0 
0 0 
0 0 
0 0 
0 0 
0 0 
0 0 
0 0 
0 0 
0 0 
0 0 
20 40 
59 118 
47 94 
18 36 
7 14 
33 66 
0 0 
40 80 
28 56 
37 74 
58 116 
9 18 
30 60 
39 78 
41 82 
p
0 0 0 0 0 0 
0 0 0 0 0 0 
0 0 0 0 0 0 
0 0 0 0 0 0 
0 0 0 0 0 0 
0 0 0 0 0 0 
0 0 0 0 0 0 
0 0 0 0 0 0 
0 0 0 0 0 0 
0 0 0 0 0 0 
0 0 0 0 0 0 
0 0 0 0 0 0 
0 0 0 0 0 0 
0 0 0 0 0 0 
0 0 0 0 0 0 
0 0 0 0 0 0 
0 0 0 0 0 0 
0 0 0 0 0 0 
0 0 0 0 0 0 
0 0 0 0 0 0 
19 19 19 19 19 19 
19 19 19 19 19 19 
19 19 19 19 19 19 
19 19 19 19 19 19 
19 19 19 19 19 19 
19 19 19 19 19 19 
19 19 19 19 19 19 
19 19 19 19 19 19 
19 19 19 19 19 19 
19 19 19 19 19 19 
19 19 19 19 19 19 
19 19 19 19 19 19 
19 19 19 19 19 19 
19 19 19 19 19 19 
19 19 19 19 19 19 
19 19 19 19 19 19 
19 19 19 19 19 19 
19 19 19 19 19 19 
19 19 19 19 19 19 
19 19 19 19 19 19 
19 19 19 19 19 19 
19 19 19 19 19 19 
19 19 19 19 19 19 
19 19 19 19 19 19 
19 19 19 19 19 19 
19 19 19 19 19 19 
19 19 19 19 19 19 
19 19 19 19 19 19 
19 19 19 19 19 19 
19 19 19 19 19 19 
19 19 19 19 19 19 
19 19 19 19 19 19 
19 19 19 19 19 19 
19 19 19 19 19 19 
19 19 19 19 19 19 
19 19 19 19 19 19 
19 19 19 19 19 19 
19 19 19 19 19 19 
19 19 19 19 19 19 
19 19 19 19 19 19 
19 19 19 19 19 19 
19 19 19 19 19 19 
19 19 19 19 19 19 
19 19 19 19 19 19 
19 19 19 19 19 19 
19 19 19 19 19 19 
19 19 19 19 19 19 
19 19 19 19 19 19 
19 19 19 19 19 19 
19 19 19 19 19 19 
19 19 19 19 19 19 
19 19 19 19 19 19 
19 19 19 19 19 19 
19 19 19 19 19 19 
19 19 19 19 19 19 
19 19 19 19 19 19 
19 19 19 19 19 19 
19 19 19 19 19 19 
19 19 19 19 19 19 
19 19 19 19 19 19 
19 19 19 19 19 19 
19 19 19 19 19 19 
19 19 19 19 19 19 
19 19 19 19 19 19 
19 19 19 19 19 19 
19 19 19 19 19 19 
19 19 19 19 19 19 
19 19 19 19 19 19 
19 19 19 19 19 19 
19 19 19 19 19 19 
19 19 19 19 19 19 
19 19 19 19 19 19 
19 19 19 19 19 19 
19 19 19 19 19 19 
19 19 19 19 19 19 
19 19 19 19 19 19 
19 19 19 19 19 19 
19 19 19 19 19 19 
19 19 19 19 19 19 
19 19 19 19 19 19 
19 19 19 19 19 19 
19 19 19 19 19 19 
19 19 19 19 19 19 
19 19 19 19 19 19 
19 19 19 19 19 19 
19 19 19 19 19 19 
19 19 19 19 19 19 
19 19 19 19 19 19 
19 19 19 19 19 19 
19 19 19 19 19 19 
19 19 19 19 19 19 
19 19 19 19 19 19 
19 19 19 19 19 19 
19 19 19 19 19 19 
19 19 19 19 19 19 
19 19 19 19 19 19 
19 19 19 19 19 19 
19 19 19 19 19 19 
19 19 19 19 19 19 
19 19 19 19 19 19 
19 19 19 19 19 19 
19 19 19 19 19 19 
19 19 19 19 19 19 
19 19 19 19 19 19 
19 19 19 19 19 19 
19 19 19 19 19 19 
19 19 19 19 19 19 
19 19 19 19 19 19 
19 19 19 19 19 19 
19 19 19 19 19 19 
19 19 19 19 19 19 
19 19 19 19 19 19 
19 19 19 19 19 19 
19 19 19 19 19 19 
19 19 19 19 19 19 
19 19 19 19 19 19 
19 19 19 19 19 19 
19 19 19 19 19 19 
19 19 19 19 19 19 
19 19 19 19 19 19 
19 19 19 19 19 19 
19 19 19 19 19 19 
19 19 19 19 19 19 
19 19 19 19 19 19 
19 19 19 19 19 19 
19 19 19 19 19 19 
19 19 19 19 19 19 
19 19 19 19 19 19 
19 19 19 19 19 19 
19 19 19 19 19 19 
19 19 19 19 19 19 
19 19 19 19 19 19 
19 19 19 19 19 19 
19 19 19 19 19 19 
19 19 19 19 19 19 
19 19 19 19 19 19 
19 19 19 19 19 19 
19 19 19 19 19 19 
19 19 19 19 19 19 
19 19 19 19 19 19 
19 19 19 19 19 19 
19 19 19 19 19 19 
19 19 19 19 19 19 
19 19 19 19 19 19 
19 19 19 19 19 19 
19 19 19 19 19 19 
19 19 19 19 19 19 
19 19 19 19 19 19 
19 19 19 19 19 19 
19 19 19 19 19 19 
19 19 19 19 19 19 
19 19 19 19 19 19 
19 19 19 19 19 19 
19 19 19 19 19 19 
19 19 19 19 19 19 
19 19 19 19 19 19 
19 19 19 19 19 19 
19 19 19 19 19 19 
19 19 19 19 19 19 
19 19 19 19 19 19 
19 19 19 19 19 19 
19 19 19 19 19 19 
19 19 19 19 19 19 
19 19 19 19 19 19 
19 19 19 19 19 19 
19 19 19 19 19 19 
19 19 19 19 19 19 
19 19 19 19 19 19 
19 19 19 19 19 19 
19 19 19 19 19 19 
19 19 19 19 19 19 
19 19 19 19 19 19 
19 19 19 19 19 19 
19 19 19 19 19 19 
19 19 19 19 19 19 
19 19 19 19 19 19 
19 19 19 19 19 19 
19 19 19 19 19 19 
19 19 19 19 19 19 
19 19 19 19 19 19 
19 19 19 19 19 19 
19 19 19 19 19 19 
19 19 19 19 19 19 
19 19 19 19 19 19 
19 19 19 19 19 19 
19 19 19 19 19 19 
19 19 19 19 19 19 
19 19 19 19 19 19 
19 19 19 19 19 19 
19 19 19 19 19 19 
19 19 19 19 19 19 
19 19 19 19 19 19 
19 19 19 19 19 19 
19 19 19 19 19 19 
19 19 19 19 19 19 
19 19 19 19 19 19 
19 19 19 19 19 19 
19 19 19 19 19 19 
19 19 19 19 19 19 
19 19 19 19 19 19 
19 19 19 19 19 19 
19 19 19 19 19 19 
19 19 19 19 19 19 
19 19 19 19 19 19 
19 19 19 19 19 19 
19 19 19 19 19 19 
19 19 19 19 19 19 
19 19 19 19 19 19 
19 19 19 19 19 19 
19 19 19 19 19 19 
19 19 19 19 19 19 
19 19 19 19 19 19 
19 19 19 19 19 19 
19 19 19 19 19 19 
19 19 19 19 19 19 
19 19 19 19 19 19 
19 19 19 19 19 19 
19 19 19 19 19 19 
19 19 19 19 19 19 
19 19 19 19 19 19 
19 19 19 19 19 19 
19 19 19 19 19 19 
19 19 19 19 19 19 
19 19 19 19 19 19 
19 19 19 19 19 19 
19 19 19 19 19 19 
19 19 19 19 19 19 
19 19 19 19 19 19 
19 19 19 19 19 19 
19 19 19 19 19 19 
19 19 19 19 19 19 
19 19 19 19 19 19 
19 19 19 19 19 19 
19 19 19 19 19 19 
19 19 19 19 19 19 
19 19 19 19 19 19 
19 19 19 19 19 19 
19 19 19 19 19 19 
19 19 19 19 19 19 
19 19 19 19 19 19 
19 19 19 19 19 19 
19 19 19 19 19 19 
19 19 19 19 19 19 
19 19 19 19 19 19 
19 19 19 19 19 19 
19 19 19 19 19 19 
19 19 19 19 19 19 
19 19 19 19 19 19 
19 19 19 19 19 19 
19 19 19 19 19 19 
19 19 19 19 19 19 
19 19 19 19 19 19 
19 19 19 19 19 19 
19 19 19 19 19 19 
19 19 19 19 19 19 
19 19 19 19 19 19 
19 19 19 19 19 19 
19 19 19 19 19 19 
19 19 19 19 19 19 
19 19 19 19 19 19 
19 19 19 19 19 19 
19 19 19 19 19 19 
19 19 19 19 19 19 
19 19 19 19 19 19 
19 19 19 19 19 19 
19 19 19 19 19 19 
19 19 19 19 19 19 
19 19 19 19 19 19 
19 19 19 19 19 19 
19 19 19 19 19 19 
19 19 19 19 19 19 
19 19 19 19 19 19 
19 19 19 19 19 19 
19 19 19 19 19 19 
19 19 19 19 19 19 
19 19 19 19 19 19 
19 19 19 19 19 19 
19 19 19 19 19 19 
19 19 19 19 19 19 
19 19 19 19 19 19 
19 19 19 19 19 19 
19 19 19 19 19 19 
19 19 19 19 19 19 
19 19 19 19 19 19 
19 19 19 19 19 19 
19 19 19 19 19 19 
19 19 19 19 19 19 
19 19 19 19 19 19 
19 19 19 19 19 19 
19 19 19 19 19 19 
19 19 19 19 19 19 
19 19 19 19 19 19 
19 19 19 19 19 19 
19 19 19 19 19 19 
19 19 19 19 19 19 
19 19 19 19 19 19 
19 19 19 19 19 19 
19 19 19 19 19 19 
19 19 19 19 19 19 
19 19 19 19 19 19 
19 19 19 19 19 19 
19 19 19 19 19 19 
19 19 19 19 19 19 
19 19 19 19 19 19 
19 19 19 19 19 19 
19 19 19 19 19 19 
19 19 19 19 19 19 
19 19 19 19 19 19 
19 19 19 19 19 19 
19 19 19 19 19 19 
19 19 19 19 19 19 
19 19 19 19 19 19 
19 19 19 19 19 19 
19 19 19 19 19 19 
19 19 19 19 19 19 
19 19 19 19 19 19 
19 19 19 19 19 19 
19 19 19 19 19 19 
19 19 19 19 19 19 
19 19 19 19 19 19 
19 19 19 19 19 19 
19 19 19 19 19 19 
19 19 19 19 19 19 
19 19 19 19 19 19 
19 19 19 19 19 19 
19 19 19 19 19 19 
19 19 19 19 19 19 
19 19 19 19 19 19 
19 19 19 19 19 19 
19 19 19 19 19 19 
19 19 19 19 19 19 
19 19 19 19 19 19 
19 19 19 19 19 19 
19 19 19 19 19 19 
19 19 19 19 19 19 
19 19 19 19 19 19 
19 19 19 19 19 19 
19 19 19 19 19 19 
19 19 19 19 19 19 
19 19 19 19 19 19 
19 19 19 19 19 19 
19 19 19 19 19 19 
19 19 19 19 19 19 
19 19 19 19 19 19 
19 19 19 19 19 19 
19 19 19 19 19 19 
19 19 19 19 19 19 
19 19 19 19 19 19 
19 19 19 19 19 19 
19 19 19 19 19 19 
19 19 19 19 19 19 
19 19 19 19 19 19 
19 19 19 19 19 19 
19 19 19 19 19 19 
19 19 19 19 19 19 
19 19 19 19 19 19 
19 19 19 19 19 19 
19 19 19 19 19 19 
19 19 19 19 19 19 
19 19 19 19 19 19 
19 19 19 19 19 19 
19 19 19 19 19 19 
19 19 19 19 19 19 
19 19 19 19 19 19 
19 19 19 19 19 19 
19 19 19 19 19 19 
19 19 19 19 19 19 
19 19 19 19 19 19 
19 19 19 19 19 19 
19 19 19 19 19 19 
19 19 19 19 19 19 
19 19 19 19 19 19 
19 19 19 19 19 19 
19 19 19 19 19 19 
19 19 19 19 19 19 
19 19 19 19 19 19 
19 19 19 19 19 19 
19 19 19 19 19 19 
19 19 19 19 19 19 
19 19 19 19 19 19 
19 19 19 19 19 19 
19 19 19 19 19 19 
19 19 19 19 19 19 
19 19 19 19 19 19 
19 19 19 19 19 19 
19 19 19 19 19 19 
19 19 19 19 19 19 
19 19 19 19 19 19 
19 19 19 19 19 19 
19 19 19 19 19 19 
19 19 19 19 19 19 
19 19 19 19 19 19 
19 19 19 19 19 19 
19 19 19 19 19 19 
19 19 19 19 19 19 
19 19 19 19 19 19 
19 19 19 19 19 19 
19 19 19 19 19 19 
19 19 19 19 19 19 
19 19 19 19 19 19 
19 19 19 19 19 19 
19 19 19 19 19 19 
19 19 19 19 19 19 
19 19 19 19 19 19 
19 19 19 19 19 19 
19 19 19 19 19 19 
19 19 19 19 19 19 
19 19 19 19 19 19 
19 19 19 19 19 19 
19 19 19 19 19 19 
19 19 19 19 19 19 
19 19 19 19 19 19 
19 19 19 19 19 19 
19 19 19 19 19 19 
19 19 19 19 19 19 
19 19 19 19 19 19 
19 19 19 19 19 19 
19 19 19 19 19 19 
19 19 19 19 19 19 
19 19 19 19 19 19 
19 19 19 19 19 19 
19 19 19 19 19 19 
19 19 19 19 19 19 
19 19 19 19 19 19 
19 19 19 19 19 19 
19 19 19 19 19 19 
19 19 19 19 19 19 
19 19 19 19 19 19 
19 19 19 19 19 19 
19 19 19 19 19 19 
19 19 19 19 19 19 
19 19 19 19 19 19 
19 19 19 19 19 19 
19 19 19 19 19 19 
19 19 19 19 19 19 
19 19 19 19 19 19 
19 19 19 19 19 19 
19 19 19 19 19 19 
19 19 19 19 19 19 
19 19 19 19 19 19 
19 19 19 19 19 19 
19 19 19 19 19 19 
19 19 19 19 19 19 
19 19 19 19 19 19 
19 19 19 19 19 19 
19 19 19 19 19 19 
19 19 19 19 19 19 
19 19 19 19 19 19 
19 19 19 19 19 19 
19 19 19 19 19 19 
19 19 19 19 19 19 
19 19 19 19 19 19 
19 19 19 19 19 19 
19 19 19 19 19 19 
19 19 19 19 19 19 
19 19 19 19 19 19 
19 19 19 19 19 19 
19 19 19 19 19 19 
19 19 19 19 19 19 
19 19 19 19 19 19 
19 19 19 19 19 19 
19 19 19 19 19 19 
19 19 19 19 19 19 
19 19 19 19 19 19 
19 19 19 19 19 19 
19 19 19 19 19 19 
19 19 19 19 19 19 
19 19 19 19 19 19 
19 19 19 19 19 19 
19 19 19 19 19 19 
19 19 19 19 19 19 
19 19 19 19 19 19 
19 19 19 19 19 19 
19 19 19 19 19 19 
19 19 19 19 19 19 
19 19 19 19 19 19 
19 19 19 19 19 19 
19 19 19 19 19 19 
19 19 19 19 19 19 
19 19 19 19 19 19 
19 19 19 19 19 19 
19 19 19 19 19 19 
19 19 19 19 19 19 
19 19 19 19 19 19 
19 19 19 19 19 19 
19 19 19 19 19 19 
19 19 19 19 19 19 
19 19 19 19 19 19 
19 19 19 19 19 19 
19 19 19 19 19 19 
19 19 19 19 19 19 
19 19 19 19 19 19 
19 19 19 19 19 19 
19 19 19 19 19 19 
19 19 19 19 19 19 
19 19 19 19 19 19 
19 19 19 19 19 19 
19 19 19 19 19 19 
19 19 19 19 19 19 
19 19 19 19 19 19 
19 19 19 19 19 19 
19 19 19 19 19 19 
19 19 19 19 19 19 
19 19 19 19 19 19 
19 19 19 19 19 19 
19 19 19 19 19 19 
19 19 19 19 19 19 
19 19 19 19 19 19 
19 19 19 19 19 19 
19 19 19 19 19 19 
19 19 19 19 19 19 
19 19 19 19 19 19 
19 19 19 19 19 19 
19 19 19 19 19 19 
19 19 19 19 19 19 
19 19 19 19 19 19 
19 19 19 19 19 19 
19 19 19 19 19 19 
19 19 19 19 19 19 
19 19 19 19 19 19 
19 19 19 19 19 19 
19 19 19 19 19 19 
19 19 19 19 19 19 
19 19 19 19 19 19 
19 19 19 19 19 19 
19 19 19 19 19 19 
19 19 19 19 19 19 
19 19 19 19 19 19 
19 19 19 19 19 19 
19 19 19 19 19 19 
19 19 19 19 19 19 
19 19 19 19 19 19 
19 19 19 19 19 19 
19 19 19 19 19 19 
19 19 19 19 19 19 
19 19 19 19 19 19 
19 19 19 19 19 19 
19 19 19 19 19 19 
19 19 19 19 19 19 
19 19 19 19 19 19 
19 19 19 19 19 19 
19 19 19 19 19 19 
19 19 19 19 19 19 
19 19 19 19 19 19 
19 19 19 19 19 19 
19 19 19 19 19 19 
19 19 19 19 19 19 
19 19 19 19 19 19 
19 19 19 19 19 19 
19 19 19 19 19 19 
19 19 19 19 19 19 
19 19 19 19 19 19 
19 19 19 19 19 19 
19 19 19 19 19 19 
19 19 19 19 19 19 
19 19 19 19 19 19 
19 19 19 19 19 19 
19 19 19 19 19 19 
19 19 19 19 19 19 
19 19 19 19 19 19 
19 19 19 19 19 19 
19 19 19 19 19 19 
19 19 19 19 19 19 
19 19 19 19 19 19 
19 19 19 19 19 19 
19 19 19 19 19 19 
19 19 19 19 19 19 
19 19 19 19 19 19 
19 19 19 19 19 19 
19 19 19 19 19 19 
19 19 19 19 19 19 
19 19 19 19 19 19 
19 19 19 19 19 19 
19 19 19 19 19 19 
19 19 19 19 19 19 
19 19 19 19 19 19 
19 19 19 19 19 19 
19 19 19 19 19 19 
19 19 19 19 19 19 
19 19 19 19 19 19 
19 19 19 19 19 19 
19 19 19 19 19 19 
19 19 19 19 19 19 
19 19 19 19 19 19 
19 19 19 19 19 19 
19 19 19 19 19 19 
19 19 19 19 19 19 
19 19 19 19 19 19 
19 19 19 19 19 19 
19 19 19 19 19 19 
19 19 19 19 19 19 
19 19 19 19 19 19 
19 19 19 19 19 19 
19 19 19 19 19 19 
19 19 19 19 19 19 
19 19 19 19 19 19 
19 19 19 19 19 19 
19 19 19 19 19 19 
19 19 19 19 19 19 
19 19 19 19 19 19 
19 19 19 19 19 19 
19 19 19 19 19 19 
19 19 19 19 19 19 
19 19 19 19 19 19 
19 19 19 19 19 19 
19 19 19 19 19 19 
19 19 19 19 19 19 
19 19 19 19 19 19 
19 19 19 19 19 19 
19 19 19 19 19 19 
19 19 19 19 19 19 
19 19 19 19 19 19 
19 19 19 19 19 19 
19 19 19 19 19 19 
19 19 19 19 19 19 
19 19 19 19 19 19 
19 19 19 19 19 19 
19 19 19 19 19 19 
19 19 19 19 19 19 
19 19 19 19 19 19 
19 19 19 19 19 19 
19 19 19 19 19 19 
19 19 19 19 19 19 
19 19 19 19 19 19 
19 19 19 19 19 19 
19 19 19 19 19 19 
19 19 19 19 19 19 
19 19 19 19 19 19 
19 19 19 19 19 19 
19 19 19 19 19 19 
19 19 19 19 19 19 
19 19 19 19 19 19 
19 19 19 19 19 19 
19 19 19 19 19 19 
19 19 19 19 19 19 
19 19 19 19 19 19 
19 19 19 19 19 19 
19 19 19 19 19 19 
19 19 19 19 19 19 
19 19 19 19 19 19 
19 19 19 19 19 19 
19 19 19 19 19 19 
19 19 19 19 19 19 
19 19 19 19 19 19 
19 19 19 19 19 19 
19 19 19 19 19 19 
19 19 19 19 19 19 
19 19 19 19 19 19 
19 19 19 19 19 19 
19 19 19 19 19 19 
19 19 19 19 19 19 
19 19 19 19 19 19 
19 19 19 19 19 19 
19 19 19 19 19 19 
19 19 19 19 19 19 
19 19 19 19 19 19 
19 19 19 19 19 19 
19 19 19 19 19 19 
19 19 19 19 19 19 
19 19 19 19 19 19 
19 19 19 19 19 19 
19 19 19 19 19 19 
19 19 19 19 19 19 
19 19 19 19 19 19 
19 19 19 19 19 19 
19 19 19 19 19 19 
19 19 19 19 19 19 
19 19 19 19 19 19 
19 19 19 19 19 19 
19 19 19 19 19 19 
19 19 19 19 19 19 
19 19 19 19 19 19 
19 19 19 19 19 19 
19 19 19 19 19 19 
19 19 19 19 19 19 
19 19 19 19 19 19 
19 19 19 19 19 19 
19 19 19 19 19 19 
19 19 19 19 19 19 
19 19 19 19 19 19 
19 19 19 19 19 19 
19 19 19 19 19 19 
19 19 19 19 19 19 
19 19 19 19 19 19 
19 19 19 19 19 19 
19 19 19 19 19 19 
19 19 19 19 19 19 
19 19 19 19 19 19 
19 19 19 19 19 19 
19 19 19 19 19 19 
19 19 19 19 19 19 
19 19 19 19 19 19 
19 19 19 19 19 19 
19 19 19 19 19 19 
19 19 19 19 19 19 
19 19 19 19 19 19 
19 19 19 19 19 19 
19 19 19 19 19 19 
19 19 19 19 19 19 
19 19 19 19 19 19 
19 19 19 19 19 19 
19 19 19 19 19 19 
19 19 19 19 19 19 
19 19 19 19 19 19 
19 19 19 19 19 19 
19 19 19 19 19 19 
19 19 19 19 19 19 
19 19 19 19 19 19 
19 19 19 19 19 19 
19 19 19 19 19 19 
19 19 19 19 19 19 
19 19 19 19 19 19 
19 19 19 19 19 19 
19 19 19 19 19 19 
19 19 19 19 19 19 
19 19 19 19 19 19 
19 19 19 19 19 19 
19 19 19 19 19 19 
19 19 19 19 19 19 
19 19 19 19 19 19 
19 19 19 19 19 19 
19 19 19 19 19 19 
19 19 19 19 19 19 
19 19 19 19 19 19 
19 19 19 19 19 19 
19 19 19 19 19 19 
19 19 19 19 19 19 
19 19 19 19 19 19 
19 19 19 19 19 19 
19 19 19 19 19 19 
19 19 19 19 19 19 
19 19 19 19 19 19 
19 19 19 19 19 19 
19 19 19 19 19 19 
19 19 19 19 19 19 
19 19 19 19 19 19 
19 19 19 19 19 19 
19 19 19 19 19 19 
19 19 19 19 19 19 
19 19 19 19 19 19 
19 19 19 19 19 19 
19 19 19 19 19 19 
19 19 19 19 19 19 
19 19 19 19 19 19 
19 19 19 19 19 19 
19 19 19 19 19 19 
19 19 19 19 19 19 
19 19 19 19 19 19 
19 19 19 19 19 19 
19 19 19 19 19 19 
19 19 19 19 19 19 
19 19 19 19 19 19 
19 19 19 19 19 19 
19 19 19 19 19 19 
19 19 19 19 19 19 
19 19 19 19 19 19 
19 19 19 19 19 19 
19 19 19 19 19 19 
19 19 19 19 19 19 
19 19 19 19 19 19 
19 19 19 19 19 19 
19 19 19 19 19 19 
19 19 19 19 19 19 
19 19 19 19 19 19 
19 19 19 19 19 19 
19 19 19 19 19 19 
19 19 19 19 19 19 
19 19 19 19 19 19 
19 19 19 19 19 19 
19 19 19 19 19 19 
19 19 19 19 19 19 
19 19 19 19 19 19 
19 19 19 19 19 19 
19 19 19 19 19 19 
19 19 19 19 19 19 
19 19 19 19 19 19 
19 19 19 19 19 19 
19 19 19 19 19 19 
19 19 19 19 19 19 
19 19 19 19 19 19 
19 19 19 19 19 19 
19 19 19 19 19 19 
19 19 19 19 19 19 
19 19 19 19 19 19 
19 19 19 19 19 19 
19 19 19 19 19 19 
19 19 19 19 19 19 
19 19 19 19 19 19 
19 19 19 19 19 19 
19 19 19 19 19 19 
19 19 19 19 19 19 
19 19 19 19 19 19 
19 19 19 19 19 19 
19 19 19 19 19 19 
19 19 19 19 19 19 
19 19 19 19 19 19 
19 19 19 19 19 19 
19 19 19 19 19 19 
19 19 19 19 19 19 
19 19 19 19 19 19 
19 19 19 19 19 19 
19 19 19 19 19 19 
19 19 19 19 19 19 
19 19 19 19 19 19 
19 19 19 19 19 19 
19 19 19 19 19 19 
19 19 19 19 19 19 
19 19 19 19 19 19 
19 19 19 19 19 19 
19 19 19 19 19 19 
19 19 19 19 19 19 
19 19 19 19 19 19 
19 19 19 19 19 19 
19 19 19 19 19 19 
19 19 19 19 19 19 
19 19 19 19 19 19 
19 19 19 19 19 19 
19 19 19 19 19 19 
19 19 19 19 19 19 
19 19 19 19 19 19 
19 19 19 19 19 19 
19 19 19 19 19 19 
19 19 19 19 19 19 
19 19 19 19 19 19 
19 19 19 19 19 19 
19 19 19 19 19 19 
19 19 19 19 19 19 
19 19 19 19 19 19 
19 19 19 19 19 19 
19 19 19 19 19 19 
19 19 19 19 19 19 
19 19 19 19 19 19 
19 19 19 19 19 19 
19 19 19 19 19 19 
19 19 19 19 19 19 
19 19 19 19 19 19 
19 19 19 19 19 19 
19 19 19 19 19 19 
19 19 19 19 19 19 
19 19 19 19 19 19 
19 19 19 19 19 19 
19 19 19 19 19 19 
19 19 19 19 19 19 
19 19 19 19 19 19 
19 19 19 19 19 19 
19 19 19 19 19 19 
19 19 19 19 19 19 
19 19 19 19 19 19 
19 19 19 19 19 19 
19 19 19 19 19 19 
19 19 19 19 19 19 
19 19 19 19 19 19 
19 19 19 19 19 19 
19 19 19 19 19 19 
19 19 19 19 19 19 
19 19 19 19 19 19 
19 19 19 19 19 19 
19 19 19 19 19 19 
19 19 19 19 19 19 
19 19 19 19 19 19 
19 19 19 19 19 19 
19 19 19 19 19 19 
19 19 19 19 19 19 
19 19 19 19 19 19 
19 19 19 19 19 19 
19 19 19 19 19 19 
19 19 19 19 19 19 
19 19 19 19 19 19 
19 19 19 19 19 19 
19 19 19 19 19 19 
19 19 19 19 19 19 
19 19 19 19 19 19 
19 19 19 19 19 19 
19 19 19 19 19 19 
19 19 19 19 19 19 
19 19 19 19 19 19 
19 19 19 19 19 19 
19 19 19 19 19 19 
19 19 19 19 19 19 
19 19 19 19 19 19 
19 19 19 19 19 19 
19 19 19 19 19 19 
19 19 19 19 19 19 
19 19 19 19 19 19 
19 19 19 19 19 19 
19 19 19 19 19 19 
19 19 19 19 19 19 
19 19 19 19 19 19 
19 19 19 19 19 19 
19 19 19 19 19 19 
19 19 19 19 19 19 
19 19 19 19 19 19 
19 19 19 19 19 19 
19 19 19 19 19 19 
19 19 19 19 19 19 
19 19 19 19 19 19 
19 19 19 19 19 19 
19 19 19 19 19 19 
19 19 19 19 19 19 
19 19 19 19 19 19 
19 19 19 19 19 19 
19 19 19 19 19 19 
19 19 19 19 19 19 
19 19 19 19 19 19 
19 19 19 19 19 19 
19 19 19 19 19 19 
19 19 19 19 19 19 
19 19 19 19 19 19 
19 19 19 19 19 19 
19 19 19 19 19 19 
19 19 19 19 19 19 
19 19 19 19 19 19 
19 19 19 19 19 19 
19 19 19 19 19 19 
19 19 19 19 19 19 
19 19 19 19 19 19 
19 19 19 19 19 19 
19 19 19 19 19 19 
19 19 19 19 19 19 
19 19 19 19 19 19 
19 19 19 19 19 19 
19 19 19 19 19 19 
19 19 19 19 19 19 
19 19 19 19 19 19 
19 19 19 19 19 19 
19 19 19 19 19 19 
19 19 19 19 19 19 
19 19 19 19 19 19 
19 19 19 19 19 19 
19 19 19 19 19 19 
19 19 19 19 19 19 
19 19 19 19 19 19 
19 19 19 19 19 19 
19 19 19 19 19 19 
19 19 19 19 19 19 
19 19 19 19 19 19 
19 19 19 19 19 19 
19 19 19 19 19 19 
19 19 19 19 19 19 
19 19 19 19 19 19 
19 19 19 19 19 19 
19 19 19 19 19 19 
19 19 19 19 19 19 
19 19 19 19 19 19 
19 19 19 19 19 19 
19 19 19 19 19 19 
19 19 19 19 19 19 
19 19 19 19 19 19 
19 19 19 19 19 19 
19 19 19 19 19 19 
19 19 19 19 19 19 
19 19 19 19 19 19 
19 19 19 19 19 19 
19 19 19 19 19 19 
19 19 19 19 19 19 
19 19 19 19 19 19 
19 19 19 19 19 19 
19 19 19 19 19 19 
19 19 19 19 19 19 
19 19 19 19 19 19 
19 19 19 19 19 19 
19 19 19 19 19 19 
19 19 19 19 19 19 
19 19 19 19 19 19 
19 19 19 19 19 19 
19 19 19 19 19 19 
19 19 19 19 19 19 
19 19 19 19 19 19 
19 19 19 19 19 19 
19 19 19 19 19 19 
19 19 19 19 19 19 
19 19 19 19 19 19 
19 19 19 19 19 19 
19 19 19 19 19 19 
19 19 19 19 19 19 
19 19 19 19 19 19 
19 19 19 19 19 19 
19 19 19 19 19 19 
19 19 19 19 19 19 
19 19 19 19 19 19 
19 19 19 19 19 19 
19 19 19 19 19 19 
19 19 19 19 19 19 
19 19 19 19 19 19 
19 19 19 19 19 19 
19 19 19 19 19 19 
19 19 19 19 19 19 
19 19 19 19 19 19 
19 19 19 19 19 19 
19 19 19 19 19 19 
19 19 19 19 19 19 
19 19 19 19 19 19 
19 19 19 19 19 19 
19 19 19 19 19 19 
19 19 19 19 19 19 
19 19 19 19 19 19 
19 19 19 19 19 19 
19 19 19 19 19 19 
19 19 19 19 19 19 
19 19 19 19 19 19 
19 19 19 19 19 19 
19 19 19 19 19 19 
19 19 19 19 19 19 
19 19 19 19 19 19 
19 19 19 19 19 19 
19 19 19 19 19 19 
19 19 19 19 19 19 
19 19 19 19 19 19 
19 19 19 19 19 19 
19 19 19 19 19 19 
19 19 19 19 19 19 
19 19 19 19 19 19 
19 19 19 19 19 19 
19 19 19 19 19 19 
19 19 19 19 19 19 
19 19 19 19 19 19 
19 19 19 19 19 19 
19 19 19 19 19 19 
19 19 19 19 19 19 
19 19 19 19 19 19 
19 19 19 19 19 19 
19 19 19 19 19 19 
19 19 19 19 19 19 
19 19 19 19 19 19 
19 19 19 19 19 19 
19 19 19 19 19 19 
19 19 19 19 19 19 
19 19 19 19 19 19 
19 19 19 19 19 19 
19 19 19 19 19 19 
19 19 19 19 19 19 
19 19 19 19 19 19 
19 19 19 19 19 19 
19 19 19 19 19 19 
19 19 19 19 19 19 
19 19 19 19 19 19 
19 19 19 19 19 19 
19 19 19 19 19 19 
19 19 19 19 19 19 
19 19 19 19 19 19 
19 19 19 19 19 19 
19 19 19 19 19 19 
19 19 19 19 19 19 
19 19 19 19 19 19 
19 19 19 19 19 19 
19 19 19 19 19 19 
19 19 19 19 19 19 
19 19 19 19 19 19 
19 19 19 19 19 19 
19 19 19 19 19 19 
19 19 19 19 19 19 
19 19 19 19 19 19 
19 19 19 19 19 19 
19 19 19 19 19 19 
19 19 19 19 19 19 
19 19 19 19 19 19 
19 19 19 19 19 19 
19 19 19 19 19 19 
19 19 19 19 19 19 
19 19 19 19 19 19 
19 19 19 19 19 19 
19 19 19 19 19 19 
19 19 19 19 19 19 
19 19 19 19 19 19 
19 19 19 19 19 19 
19 19 19 19 19 19 
19 19 19 19 19 19 
19 19 19 19 19 19 
19 19 19 19 19 19 
19 19 19 19 19 19 
19 19 19 19 19 19 
19 19 19 19 19 19 
19 19 19 19 19 19 
19 19 19 19 19 19 
19 19 19 19 19 19 
19 19 19 19 19 19 
19 19 19 19 19 19 
19 19 19 19 19 19 
19 19 19 19 19 19 
19 19 19 19 19 19 
19 19 19 19 19 19 
19 19 19 19 19 19 
19 19 19 19 19 19 
19 19 19 19 19 19 
19 19 19 19 19 19 
19 19 19 19 19 19 
19 19 19 19 19 19 
19 19 19 19 19 19 
19 19 19 19 19 19 
19 19 19 19 19 19 
19 19 19 19 19 19 
19 19 19 19 19 19 
19 19 19 19 19 19 
19 19 19 19 19 19 
19 19 19 19 19 19 
19 19 19 19 19 19 
19 19 19 19 19 19 
19 19 19 19 19 19 
19 19 19 19 19 19 
19 19 19 19 19 19 
19 19 19 19 19 19 
19 19 19 19 19 19 
19 19 19 19 19 19 
19 19 19 19 19 19 
19 19 19 19 19 19 
19 19 19 19 19 19 
19 19 19 19 19 19 
19 19 19 19 19 19 
19 19 19 19 19 19 
19 19 19 19 19 19 
19 19 19 19 19 19 
19 19 19 19 19 19 
19 19 19 19 19 19 
19 19 19 19 19 19 
19 19 19 19 19 19 
19 19 19 19 19 19 
19 19 19 19 19 19 
19 19 19 19 19 19 
19 19 19 19 19 19 
19 19 19 19 19 19 
19 19 19 19 19 19 
19 19 19 19 19 19 
19 19 19 19 19 19 
19 19 19 19 19 19 
19 19 19 19 19 19 
19 19 19 19 19 19 
19 19 19 19 19 19 
19 19 19 19 19 19 
19 19 19 19 19 19 
19 19 19 19 19 19 
19 19 19 19 19 19 
19 19 19 19 19 19 
19 19 19 19 19 19 
19 19 19 19 19 19 
19 19 19 19 19 19 
19 19 19 19 19 19 
19 19 19 19 19 19 
19 19 19 19 19 19 
19 19 19 19 19 19 
19 19 19 19 19 19 
19 19 19 19 19 19 
19 19 19 19 19 19 
19 19 19 19 19 19 
19 19 19 19 19 19 
19 19 19 19 19 19 
19 19 19 19 19 19 
19 19 19 19 19 19 
19 19 19 19 19 19 
19 19 19 19 19 19 
19 19 19 19 19 19 
19 19 19 19 19 19 
19 19 19 19 19 19 
19 19 19 19 19 19 
19 19 19 19 19 19 
19 19 19 19 19 19 
19 19 19 19 19 19 
19 19 19 19 19 19 
19 19 19 19 19 19 
19 19 19 19 19 19 
19 19 19 19 19 19 
19 19 19 19 19 19 
19 19 19 19 19 19 
19 19 19 19 19 19 
19 19 19 19 19 19 
19 19 19 19 19 19 
19 19 19 19 19 19 
19 19 19 19 19 19 
19 19 19 19 19 19 
19 19 19 19 19 19 
19 19 19 19 19 19 
19 19 19 19 19 19 
19 19 19 19 19 19 
19 19 19 19 19 19 
19 19 19 19 19 19 
19 19 19 19 19 19 
19 19 19 19 19 19 
19 19 19 19 19 19 
19 19 19 19 19 19 
19 19 19 19 19 19 
19 19 19 19 19 19 
19 19 19 19 19 19 
19 19 19 19 19 19 
19 19 19 19 19 19 
19 19 19 19 19 19 
19 19 19 19 19 19 
19 19 19 19 19 19 
19 19 19 19 19 19 
19 19 19 19 19 19 
19 19 19 19 19 19 
19 19 19 19 19 19 
19 19 19 19 19 19 
19 19 19 19 19 19 
19 19 19 19 19 19 
19 19 19 19 19 19 
19 19 19 19 19 19 
19 19 19 19 19 19 
19 19 19 19 19 19 
19 19 19 19 19 19 
19 19 19 19 19 19 
19 19 19 19 19 19 
19 19 19 19 19 19 
19 19 19 19 19 19 
19 19 19 19 19 19 
19 19 19 19 19 19 
19 19 19 19 19 19 
19 19 19 19 19 19 
19 19 19 19 19 19 
19 19 19 19 19 19 
19 19 19 19 19 19 
19 19 19 19 19 19 
19 19 19 19 19 19 
19 19 19 19 19 19 
19 19 19 19 19 19 
19 19 19 19 19 19 
19 19 19 19 19 19 
19 19 19 19 19 19 
19 19 19 19 19 19 
19 19 19 19 19 19 
19 19 19 19 19 19 
19 19 19 19 19 19 
19 19 19 19 19 19 
19 19 19 19 19 19 
19 19 19 19 19 19 
19 19 19 19 19 19 
19 19 19 19 19 19 
19 19 19 19 19 19 
19 19 19 19 19 19 
19 19 19 19 19 19 
19 19 19 19 19 19 
19 19 19 19 19 19 
19 19 19 19 19 19 
19 19 19 19 19 19 
19 19 19 19 19 19 
19 19 19 19 19 19 
19 19 19 19 19 19 
19 19 19 19 19 19 
19 19 19 19 19 19 
19 19 19 19 19 19 
19 19 19 19 19 19 
19 19 19 19 19 19 
19 19 19 19 19 19 
19 19 19 19 19 19 
19 19 19 19 19 19 
19 19 19 19 19 19 
19 19 19 19 19 19 
19 19 19 19 19 19 
19 19 19 19 19 19 
19 19 19 19 19 19 
19 19 19 19 19 19 
19 19 19 19 19 19 
19 19 19 19 19 19 
19 19 19 19 19 19 
19 19 19 19 19 19 
19 19 19 19 19 19 
19 19 19 19 19 19 
19 19 19 19 19 19 
19 19 19 19 19 19 
19 19 19 19 19 19 
19 19 19 19 19 19 
19 19 19 19 19 19 
19 19 19 19 19 19 
19 19 19 19 19 19 
19 19 19 19 19 19 
19 19 19 19 19 19 
19 19 19 19 19 19 
19 19 19 19 19 19 
19 19 19 19 19 19 
19 19 19 19 19 19 
19 19 19 19 19 19 
19 19 19 19 19 19 
19 19 19 19 19 19 
19 19 19 19 19 19 
19 19 19 19 19 19 
19 19 19 19 19 19 
19 19 19 19 19 19 
19 19 19 19 19 19 
19 19 19 19 19 19 
19 19 19 19 19 19 
19 19 19 19 19 19 
19 19 19 19 19 19 
19 19 19 19 19 19 
19 19 19 19 19 19 
19 19 19 19 19 19 
19 19 19 19 19 19 
19 19 19 19 19 19 
19 19 19 19 19 19 
19 19 19 19 19 19 
19 19 19 19 19 19 
19 19 19 19 19 19 
19 19 19 19 19 19 
19 19 19 19 19 19 
19 19 19 19 19 19 
19 19 19 19 19 19 
19 19 19 19 19 19 
19 19 19 19 19 19 
19 19 19 19 19 19 
19 19 19 19 19 19 
19 19 19 19 19 19 
19 19 19 19 19 19 
19 19 19 19 19 19 
19 19 19 19 19 19 
19 19 19 19 19 19 
19 19 19 19 19 19 
19 19 19 19 19 19 
19 19 19 19 19 19 
19 19 19 19 19 19 
19 19 19 19 19 19 
19 19 19 19 19 19 
19 19 19 19 19 19 
19 19 19 19 19 19 
19 19 19 19 19 19 
19 19 19 19 19 19 
19 19 19 19 19 19 
19 19 19 19 19 19 
19 19 19 19 19 19 
19 19 19 19 19 19 
19 19 19 19 19 19 
19 19 19 19 19 19 
19 19 19 19 19 19 
19 19 19 19 19 19 
19 19 19 19 19 19 
19 19 19 19 19 19 
19 19 19 19 19 19 
19 19 19 19 19 19 
19 19 19 19 19 19 
19 19 19 19 19 19 
19 19 19 19 19 19 
19 19 19 19 19 19 
19 19 19 19 19 19 
19 19 19 19 19 19 
19 19 19 19 19 19 
19 19 19 19 19 19 
19 19 19 19 19 19 
19 19 19 19 19 19 
19 19 19 19 19 19 
19 19 19 19 19 19 
19 19 19 19 19 19 
19 19 19 19 19 19 
19 19 19 19 19 19 
19 19 19 19 19 19 
19 19 19 19 19 19 
19 19 19 19 19 19 
19 19 19 19 19 19 
19 19 19 19 19 19 
19 19 19 19 19 19 
19 19 19 19 19 19 
19 19 19 19 19 19 
19 19 19 19 19 19 
19 19 19 19 19 19 
19 19 19 19 19 19 
19 19 19 19 19 19 
19 19 19 19 19 19 
19 19 19 19 19 19 
19 19 19 19 19 19 
19 19 19 19 19 19 
19 19 19 19 19 19 
19 19 19 19 19 19 
19 19 19 19 19 19 
19 19 19 19 19 19 
19 19 19 19 19 19 
19 19 19 19 19 19 
19 19 19 19 19 19 
19 19 19 19 19 19 
19 19 19 19 19 19 
19 19 19 19 19 19 
19 19 19 19 19 19 
19 19 19 19 19 19 
19 19 19 19 19 19 
19 19 19 19 19 19 
19 19 19 19 19 19 
19 19 19 19 19 19 
19 19 19 19 19 19 
19 19 19 19 19 19 
19 19 19 19 19 19 
19 19 19 19 19 19 
19 19 19 19 19 19 
19 19 19 19 19 19 
19 19 19 19 19 19 
19 19 19 19 19 19 
19 19 19 19 19 19 
19 19 19 19 19 19 
19 19 19 19 19 19 
19 19 19 19 19 19 
19 19 19 19 19 19 
19 19 19 19 19 19 
19 19 19 19 19 19 
19 19 19 19 19 19 
19 19 19 19 19 19 
19 19 19 19 19 19 
19 19 19 19 19 19 
19 19 19 19 19 19 
19 19 19 19 19 19 
19 19 19 19 19 19 
19 19 19 19 19 19 
19 19 19 19 19 19 
19 19 19 19 19 19 
19 19 19 19 19 19 
19 19 19 19 19 19 
19 19 19 19 19 19 
19 19 19 19 19 19 
19 19 19 19 19 19 
19 19 19 19 19 19 
19 19 19 19 19 19 
19 19 19 19 19 19 
19 19 19 19 19 19 
19 19 19 19 19 19 
19 19 19 19 19 19 
19 19 19 19 19 19 
19 19 19 19 19 19 
19 19 19 19 19 19 
19 19 19 19 19 19 
19 19 19 19 19 19 
19 19 19 19 19 19 
19 19 19 19 19 19 
19 19 19 19 19 19 
19 19 19 19 19 19 
19 19 19 19 19 19 
19 19 19 19 19 19 
19 19 19 19 19 19 
19 19 19 19 19 19 
19 19 19 19 19 19 
19 19 19 19 19 19 
19 19 19 19 19 19 
19 19 19 19 19 19 
19 19 19 19 19 19 
19 19 19 19 19 19 
19 19 19 19 19 19 
19 19 19 19 19 19 
19 19 19 19 19 19 
19 19 19 19 19 19 
19 19 19 19 19 19 
19 19 19 19 19 19 
19 19 19 19 19 19 
19 19 19 19 19 19 
19 19 19 19 19 19 
19 19 19 19 19 19 
19 19 19 19 19 19 
19 19 19 19 19 19 
19 19 19 19 19 19 
19 19 19 19 19 19 
19 19 19 19 19 19 
19 19 19 19 19 19 
19 19 19 19 19 19 
19 19 19 19 19 19 
19 19 19 19 19 19 
19 19 19 19 19 19 
19 19 19 19 19 19 
19 19 19 19 19 19 
19 19 19 19 19 19 
19 19 19 19 19 19 
19 19 19 19 19 19 
19 19 19 19 19 19 
19 19 19 19 19 19 
19 19 19 19 19 19 
19 19 19 19 19 19 
19 19 19 19 19 19 
19 19 19 19 19 19 
19 19 19 19 19 19 
19 19 19 19 19 19 
19 19 19 19 19 19 
19 19 19 19 19 19 
19 19 19 19 19 19 
19 19 19 19 19 19 
19 19 19 19 19 19 
19 19 19 19 19 19 
19 19 19 19 19 19 
19 19 19 19 19 19 
19 19 19 19 19 19 
19 19 19 19 19 19 
19 19 19 19 19 19 
19 19 19 19 19 19 
19 19 19 19 19 19 
19 19 19 19 19 19 
19 19 19 19 19 19 
19 19 19 19 19 19 
19 19 19 19 19 19 
19 19 19 19 19 19 
19 19 19 19 19 19 
19 19 19 19 19 19 
19 19 19 19 19 19 
19 19 19 19 19 19 
19 19 19 19 19 19 
19 19 19 19 19 19 
19 19 19 19 19 19 
19 19 19 19 19 19 
19 19 19 19 19 19 
19 19 19 19 19 19 
19 19 19 19 19 19 
19 19 19 19 19 19 
19 19 19 19 19 19 
19 19 19 19 19 19 
19 19 19 19 19 19 
19 19 19 19 19 19 
19 19 19 19 19 19 
19 19 19 19 19 19 
19 19 19 19 19 19 
19 19 19 19 19 19 
19 19 19 19 19 19 
19 19 19 19 19 19 
19 19 19 19 19 19 
19 19 19 19 19 19 
19 19 19 19 19 19 
19 19 19 19 19 19 
19 19 19 19 19 19 
19 19 19 19 19 19 
19 19 19 19 19 19 
19 19 19 19 19 19 
19 19 19 19 19 19 
19 19 19 19 19 19 
19 19 19 19 19 19 
19 19 19 19 19 19 
19 19 19 19 19 19 
19 19 19 19 19 19 
19 19 19 19 19 19 
19 19 19 19 19 19 
19 19 19 19 19 19 
19 19 19 19 19 19 
19 19 19 19 19 19 
19 19 19 19 19 19 
19 19 19 19 19 19 
19 19 19 19 19 19 
19 19 19 19 19 19 
19 19 19 19 19 19 
19 19 19 19 19 19 
19 19 19 19 19 19 
19 19 19 19 19 19 
19 19 19 19 19 19 
19 19 19 19 19 19 
19 19 19 19 19 19 
19 19 19 19 19 19 
19 19 19 19 19 19 
19 19 19 19 19 19 
19 19 19 19 19 19 
19 19 19 19 19 19 
19 19 19 19 19 19 
19 19 19 19 19 19 
19 19 19 19 19 19 
19 19 19 19 19 19 
19 19 19 19 19 19 
19 19 19 19 19 19 
19 19 19 19 19 19 
19 19 19 19 19 19 
19 19 19 19 19 19 
19 19 19 19 19 19 
19 19 19 19 19 19 
19 19 19 19 19 19 
19 19 19 19 19 19 
19 19 19 19 19 19 
19 19 19 19 19 19 
19 19 19 19 19 19 
19 19 19 19 19 19 
19 19 19 19 19 19 
19 19 19 19 19 19 
19 19 19 19 19 19 
19 19 19 19 19 19 
19 19 19 19 19 19 
19 19 19 19 19 19 
19 19 19 19 19 19 
19 19 19 19 19 19 
19 19 19 19 19 19 
19 19 19 19 19 19 
19 19 19 19 19 19 
19 19 19 19 19 19 
19 19 19 19 19 19 
19 19 19 19 19 19 
19 19 19 19 19 19 
19 19 19 19 19 19 
19 19 19 19 19 19 
19 19 19 19 19 19 
19 19 19 19 19 19 
19 19 19 19 19 19 
19 19 19 19 19 19 
19 19 19 19 19 19 
19 19 19 19 19 19 
19 19 19 19 19 19 
19 19 19 19 19 19 
19 19 19 19 19 19 
19 19 19 19 19 19 
19 19 19 19 19 19 
19 19 19 19 19 19 
19 19 19 19 19 19 
19 19 19 19 19 19 
19 19 19 19 19 19 
19 19 19 19 19 19 
19 19 19 19 19 19 
19 19 19 19 19 19 
19 19 19 19 19 19 
19 19 19 19 19 19 
19 19 19 19 19 19 
19 19 19 19 19 19 
19 19 19 19 19 19 
19 19 19 19 19 19 
19 19 19 19 19 19 
19 19 19 19 19 19 
19 19 19 19 19 19 
19 19 19 19 19 19 
19 19 19 19 19 19 
19 19 19 19 19 19 
19 19 19 19 19 19 
19 19 19 19 19 19 
19 19 19 19 19 19 
19 19 19 19 19 19 
19 19 19 19 19 19 
19 19 19 19 19 19 
19 19 19 19 19 19 
19 19 19 19 19 19 
19 19 19 19 19 19 
19 19 19 19 19 19 
19 19 19 19 19 19 
19 19 19 19 19 19 
19 19 19 19 19 19 
19 19 19 19 19 19 
19 19 19 19 19 19 
19 19 19 19 19 19 
19 19 19 19 19 19 
19 19 19 19 19 19 
19 19 19 19 19 19 
19 19 19 19 19 19 
19 19 19 19 19 19 
19 19 19 19 19 19 
19 19 19 19 19 19 
19 19 19 19 19 19 
19 19 19 19 19 19 
19 19 19 19 19 19 
19 19 19 19 19 19 
19 19 19 19 19 19 
19 19 19 19 19 19 
19 19 19 19 19 19 
19 19 19 19 19 19 
19 19 19 19 19 19 
19 19 19 19 19 19 
19 19 19 19 19 19 
19 19 19 19 19 19 
19 19 19 19 19 19 
19 19 19 19 19 19 
19 19 19 19 19 19 
19 19 19 19 19 19 
19 19 19 19 19 19 
19 19 19 19 19 19 
19 19 19 19 19 19 
19 19 19 19 19 19 
19 19 19 19 19 19 
19 19 19 19 19 19 
19 19 19 19 19 19 
19 19 19 19 19 19 
19 19 19 19 19 19 
19 19 19 19 19 19 
19 19 19 19 19 19 
19 19 19 19 19 19 
19 19 19 19 19 19 
19 19 19 19 19 19 
19 19 19 19 19 19 
19 19 19 19 19 19 
19 19 19 19 19 19 
19 19 19 19 19 19 
19 19 19 19 19 19 
19 19 19 19 19 19 
19 19 19 19 19 19 
19 19 19 19 19 19 
19 19 19 19 19 19 
19 19 19 19 19 19 
19 19 19 19 19 19 
19 19 19 19 19 19 
19 19 19 19 19 19 
19 19 19 19 19 19 
19 19 19 19 19 19 
19 19 19 19 19 19 
19 19 19 19 19 19 
19 19 19 19 19 19 
19 19 19 19 19 19 
19 19 19 19 19 19 
19 19 19 19 19 19 
19 19 19 19 19 19 
19 19 19 19 19 19 
19 19 19 19 19 19 
19 19 19 19 19 19 
19 19 19 19 19 19 
19 19 19 19 19 19 
19 19 19 19 19 19 
19 19 19 19 19 19 
19 19 19 19 19 19 
19 19 19 19 19 19 
19 19 19 19 19 19 
19 19 19 19 19 19 
19 19 19 19 19 19 
19 19 19 19 19 19 
19 19 19 19 19 19 
19 19 19 19 19 19 
19 19 19 19 19 19 
19 19 19 19 19 19 
19 19 19 19 19 19 
19 19 19 19 19 19 
19 19 19 19 19 19 
19 19 19 19 19 19 
19 19 19 19 19 19 
19 19 19 19 19 19 
19 19 19 19 19 19 
19 19 19 19 19 19 
19 19 19 19 19 19 
19 19 19 19 19 19 
19 19 19 19 19 19 
19 19 19 19 19 19 
19 19 19 19 19 19 
19 19 19 19 19 19 
19 19 19 19 19 19 
19 19 19 19 19 19 
19 19 19 19 19 19 
19 19 19 19 19 19 
19 19 19 19 19 19 
19 19 19 19 19 19 
19 19 19 19 19 19 
19 19 19 19 19 19 
19 19 19 19 19 19 
19 19 19 19 19 19 
19 19 19 19 19 19 
19 19 19 19 19 19 
19 19 19 19 19 19 
19 19 19 19 19 19 
19 19 19 19 19 19 
19 19 19 19 19 19 
19 19 19 19 19 19 
19 19 19 19 19 19 
19 19 19 19 19 19 
19 19 19 19 19 19 
19 19 19 19 19 19 
19 19 19 19 19 19 
19 19 19 19 19 19 
19 19 19 19 19 19 
19 19 19 19 19 19 
19 19 19 19 19 19 
19 19 19 19 19 19 
19 19 19 19 19 19 
19 19 19 19 19 19 
19 19 19 19 19 19 
19 19 19 19 19 19 
19 19 19 19 19 19 
19 19 19 19 19 19 
19 19 19 19 19 19 
19 19 19 19 19 19 
19 19 19 19 19 19 
19 19 19 19 19 19 
19 19 19 19 19 19 
19 19 19 19 19 19 
19 19 19 19 19 19 
19 19 19 19 19 19 
19 19 19 19 19 19 
19 19 19 19 19 19 
19 19 19 19 19 19 
19 19 19 19 19 19 
19 19 19 19 19 19 
19 19 19 19 19 19 
19 19 19 19 19 19 
19 19 19 19 19 19 
19 19 19 19 19 19 
19 19 19 19 19 19 
19 19 19 19 19 19 
19 19 19 19 19 19 
19 19 19 19 19 19 
19 19 19 19 19 19 
19 19 19 19 19 19 
19 19 19 19 19 19 
19 19 19 19 19 19 
19 19 19 19 19 19 
19 19 19 19 19 19 
19 19 19 19 19 19 
19 19 19 19 19 19 
19 19 19 19 19 19 
19 19 19 19 19 19 
19 19 19 19 19 19 
19 19 19 19 19 19 
19 19 19 19 19 19 
19 19 19 19 19 19 
19 19 19 19 19 19 
19 19 19 19 19 19 
19 19 19 19 19 19 
19 19 19 19 19 19 
19 19 19 19 19 19 
19 19 19 19 19 19 
19 19 19 19 19 19 
19 19 19 19 19 19 
19 19 19 19 19 19 
19 19 19 19 19 19 
19 19 19 19 19 19 
19 19 19 19 19 19 
19 19 19 19 19 19 
19 19 19 19 19 19 
19 19 19 19 19 19 
19 19 19 19 19 19 
19 19 19 19 19 19 
19 19 19 19 19 19 
19 19 19 19 19 19 
19 19 19 19 19 19 
19 19 19 19 19 19 
19 19 19 19 19 19 
19 19 19 19 19 19 
19 19 19 19 19 19 
19 19 19 19 19 19 
19 19 19 19 19 19 
19 19 19 19 19 19 
19 19 19 19 19 19 
19 19 19 19 19 19 
19 19 19 19 19 19 
19 19 19 19 19 19 
19 19 19 19 19 19 
19 19 19 19 19 19 
19 19 19 19 19 19 
19 19 19 19 19 19 
19 19 19 19 19 19 
19 19 19 19 19 19 
19 19 19 19 19 19 
19 19 19 19 19 19 
19 19 19 19 19 19 
19 19 19 19 19 19 
19 19 19 19 19 19 
19 19 19 19 19 19 
19 19 19 19 19 19 
19 19 19 19 19 19 
19 19 19 19 19 19 
19 19 19 19 19 19 
19 19 19 19 19 19 
19 19 19 19 19 19 
19 19 19 19 19 19 
19 19 19 19 19 19 
19 19 19 19 19 19 
19 19 19 19 19 19 
19 19 19 19 19 19 
19 19 19 19 19 19 
19 19 19 19 19 19 
19 19 19 19 19 19 
19 19 19 19 19 19 
19 19 19 19 19 19 
19 19 19 19 19 19 
19 19 19 19 19 19 
19 19 19 19 19 19 
19 19 19 19 19 19 
19 19 19 19 19 19 
19 19 19 19 19 19 
19 19 19 19 19 19 
19 19 19 19 19 19 
19 19 19 19 19 19 
19 19 19 19 19 19 
19 19 19 19 19 19 
19 19 19 19 19 19 
19 19 19 19 19 19 
19 19 19 19 19 19 
19 19 19 19 19 19 
19 19 19 19 19 19 
19 19 19 19 19 19 
19 19 19 19 19 19 
19 19 19 19 19 19 
19 19 19 19 19 19 
19 19 19 19 19 19 
19 19 19 19 19 19 
19 19 19 19 19 19 
19 19 19 19 19 19 
19 19 19 19 19 19 
19 19 19 19 19 19 
19 19 19 19 19 19 
19 19 19 19 19 19 
19 19 19 19 19 19 
19 19 19 19 19 19 
19 19 19 19 19 19 
19 19 19 19 19 19 
19 19 19 19 19 19 
19 19 19 19 19 19 
19 19 19 19 19 19 
19 19 19 19 19 19 
19 19 19 19 19 19 
19 19 19 19 19 19 
19 19 19 19 19 19 
19 19 19 19 19 19 
19 19 19 19 19 19 
19 19 19 19 19 19 
19 19 19 19 19 19 
19 19 19 19 19 19 
19 19 19 19 19 19 
19 19 19 19 19 19 
19 19 19 19 19 19 
19 19 19 19 19 19 
19 19 19 19 19 19 
19 19 19 19 19 19 
19 19 19 19 19 19 
19 19 19 19 19 19 
19 19 19 19 19 19 
19 19 19 19 19 19 
19 19 19 19 19 19 
19 19 19 19 19 19 
19 19 19 19 19 19 
19 19 19 19 19 19 
19 19 19 19 19 19 
19 19 19 19 19 19 
19 19 19 19 19 19 
19 19 19 19 19 19 
19 19 19 19 19 19 
19 19 19 19 19 19 
19 19 19 19 19 19 
19 19 19 19 19 19 
19 19 19 19 19 19 
19 19 19 19 19 19 
19 19 19 19 19 19 
19 19 19 19 19 19 
19 19 19 19 19 19 
19 19 19 19 19 19 
19 19 19 19 19 19 
19 19 19 19 19 19 
19 19 19 19 19 19 
19 19 19 19 19 19 
19 19 19 19 19 19 
19 19 19 19 19 19 
19 19 19 19 19 19 
19 19 19 19 19 19 
19 19 19 19 19 19 
19 19 19 19 19 19 
19 19 19 19 19 19 
19 19 19 19 19 19 
19 19 19 19 19 19 
19 19 19 19 19 19 
19 19 19 19 19 19 
19 19 19 19 19 19 
19 19 19 19 19 19 
19 19 19 19 19 19 
19 19 19 19 19 19 
19 19 19 19 19 19 
19 19 19 19 19 19 
19 19 19 19 19 19 
19 19 19 19 19 19 
19 19 19 19 19 19 
19 19 19 19 19 19 
19 19 19 19 19 19 
19 19 19 19 19 19 
19 19 19 19 19 19 
19 19 19 19 19 19 
19 19 19 19 19 19 
19 19 19 19 19 19 
19 19 19 19 19 19 
19 19 19 19 19 19 
19 19 19 19 19 19 
19 19 19 19 19 19 
19 19 19 19 19 19 
19 19 19 19 19 19 
19 19 19 19 19 19 
19 19 19 19 19 19 
19 19 19 19 19 19 
19 19 19 19 19 19 
19 19 19 19 19 19 
19 19 19 19 19 19 
19 19 19 19 19 19 
19 19 19 19 19 19 
19 19 19 19 19 19 
19 19 19 19 19 19 
19 19 19 19 19 19 
19 19 19 19 19 19 
19 19 19 19 19 19 
19 19 19 19 19 19 
19 19 19 19 19 19 
19 19 19 19 19 19 
19 19 19 19 19 19 
19 19 19 19 19 19 
19 19 19 19 19 19 
19 19 19 19 19 19 
19 19 19 19 19 19 
19 19 19 19 19 19 
19 19 19 19 19 19 
19 19 19 19 19 19 
19 19 19 19 19 19 
19 19 19 19 19 19 
19 19 19 19 19 19 
19 19 19 19 19 19 
19 19 19 19 19 19 
19 19 19 19 19 19 
19 19 19 19 19 19 
19 19 19 19 19 19 
19 19 19 19 19 19 
19 19 19 19 19 19 
19 19 19 19 19 19 
19 19 19 19 19 19 
19 19 19 19 19 19 
19 19 19 19 19 19 
19 19 19 19 19 19 
19 19 19 19 19 19 
19 19 19 19 19 19 
19 19 19 19 19 19 
19 19 19 19 19 19 
19 19 19 19 19 19 
19 19 19 19 19 19 
19 19 19 19 19 19 
19 19 19 19 19 19 
19 19 19 19 19 19 
19 19 19 19 19 19 
19 19 19 19 19 19 
19 19 19 19 19 19 
19 19 19 19 19 19 
19 19 19 19 19 19 
19 19 19 19 19 19 
19 19 19 19 19 19 
19 19 19 19 19 19 
19 19 19 19 19 19 
19 19 19 19 19 19 
19 19 19 19 19 19 
19 19 19 19 19 19 
att
1 0 1 0 0 0 
0 0 1 0 0 0 
1 1 0 0 0 0 
0 1 1 0 0 0 
1 0 1 0 0 0 
1 1 1 0 0 0 
0 1 1 0 0 0 
0 0 0 1 1 0 
0 0 0 1 0 1 
0 0 0 1 1 1 
0 0 0 1 0 1 
0 0 0 1 1 1 
0 0 0 1 1 1 
0 0 0 1 1 1 
0 0 0 1 1 1 
0 0 0 0 0 1 
0 0 0 1 1 1 
0 0 0 1 0 1 
0 0 0 0 1 1 
0 0 0 1 0 0 
