nbServi = 6 ;
nbVehi = 20 ;
nbCust = 70 ;
nbSynch = 30 ;
e
0 28 252 200 427 309 390 366 39 7 348 14 446 154 54 434 416 187 399 290 431 438 207 359 442 256 54 202 155 273 322 379 426 367 350 430 284 357 295 127 188 242 475 278 259 222 0 454 183 136 47 239 286 58 91 419 349 318 322 230 113 74 142 334 393 374 296 138 286 334 347 31 176 195 448 173 351 28 363 465 259 171 433 132 232 346 405 448 297 35 302 66 295 63 149 363 7 470 304 256 326 
l
600 148 372 320 547 429 510 486 159 127 468 134 566 274 174 554 536 307 519 410 551 558 327 479 562 376 174 322 275 393 442 499 546 487 470 550 404 477 415 247 308 362 595 398 379 342 120 574 303 256 167 359 406 178 211 539 469 438 442 350 233 194 262 454 513 494 416 258 406 454 467 151 296 315 568 293 471 148 483 585 379 291 553 252 352 466 525 568 417 155 422 186 415 183 269 483 127 590 424 376 446 
cx
8 40 89 6 47 94 34 14 67 30 78 99 56 62 53 79 7 30 97 67 2 58 42 34 36 59 98 99 58 70 14 94 34 38 94 91 35 33 8 5 31 72 46 8 35 86 3 43 70 96 9 22 18 24 57 56 45 28 57 17 0 63 24 9 7 81 97 35 99 1 24 38 53 85 75 71 45 70 86 52 68 63 27 14 93 38 2 4 77 14 1 65 6 9 80 29 15 47 30 36 0 
cy
1 29 41 16 9 35 15 15 31 49 25 2 16 31 32 17 9 44 28 17 22 2 7 10 0 8 24 36 22 17 25 3 45 24 1 1 29 30 36 8 25 0 39 16 35 0 43 49 9 1 27 13 46 16 41 14 0 36 29 13 4 40 27 29 31 27 41 38 24 9 1 46 35 9 2 39 6 48 40 25 40 14 30 0 47 10 35 36 44 26 37 49 18 32 49 2 17 40 20 8 0 
s
1 1 1 1 1 1 
0 0 0 0 1 0 
1 0 0 0 0 0 
0 0 1 0 0 0 
0 1 0 0 0 0 
0 0 0 1 0 0 
1 0 0 0 0 0 
1 0 0 0 0 0 
0 0 0 1 0 0 
0 1 0 0 0 0 
1 0 0 0 0 0 
0 0 1 0 0 0 
0 0 1 0 0 0 
0 0 0 0 1 0 
1 0 0 0 0 0 
0 0 1 0 0 0 
0 0 1 0 0 0 
0 1 0 0 0 0 
0 0 0 1 0 0 
0 0 1 0 0 0 
0 0 0 0 0 1 
1 0 0 0 0 0 
0 0 0 1 0 0 
0 0 0 0 0 1 
0 0 0 0 1 0 
0 0 0 0 1 0 
1 0 0 0 0 0 
0 0 0 0 1 0 
0 0 0 0 0 1 
0 0 0 1 0 0 
0 0 0 0 1 0 
0 1 0 0 0 0 
1 0 0 0 0 0 
0 1 0 0 0 0 
0 0 1 0 0 0 
0 0 0 0 1 0 
0 0 1 0 0 0 
0 0 0 1 0 0 
0 1 0 0 0 0 
0 1 0 0 0 0 
0 0 1 0 0 0 
0 0 1 0 0 0 
0 1 0 0 0 0 
0 0 1 0 0 0 
0 1 0 0 0 0 
1 0 0 0 0 0 
1 0 0 0 0 0 
0 0 0 0 1 0 
0 0 0 1 0 0 
0 0 0 0 1 0 
0 0 0 0 0 1 
0 0 0 0 0 1 
0 0 0 0 1 0 
0 0 0 0 1 0 
0 1 0 0 0 0 
0 0 0 0 0 1 
0 1 0 0 0 0 
1 0 0 0 0 0 
0 0 0 0 1 0 
0 0 1 0 0 0 
0 0 0 0 0 1 
0 0 1 0 0 0 
0 0 0 0 1 0 
0 0 0 0 1 0 
0 0 0 1 0 0 
0 0 1 0 0 0 
0 0 1 0 0 0 
1 0 0 0 0 0 
0 0 0 0 1 0 
0 0 0 0 1 0 
0 0 0 0 0 1 
0 0 0 0 1 1 
0 0 0 1 1 0 
0 0 0 1 0 1 
0 0 0 1 1 0 
0 0 0 1 1 0 
0 0 0 1 1 0 
0 0 0 1 1 0 
0 0 0 1 1 0 
0 0 0 1 1 0 
0 0 0 1 1 0 
0 0 0 1 0 1 
0 0 0 1 1 0 
0 0 0 0 1 1 
0 0 0 0 1 1 
0 0 0 1 0 1 
1 0 0 1 0 0 
0 1 0 0 1 0 
0 0 1 0 0 1 
0 1 0 0 0 1 
0 1 0 1 0 0 
1 0 0 1 0 0 
0 1 0 0 1 0 
0 0 1 0 1 0 
0 0 1 1 0 0 
0 1 0 0 1 0 
0 1 0 0 0 1 
0 0 1 0 1 0 
0 1 0 1 0 0 
0 1 0 0 1 0 
0 1 0 0 1 0 
delta
16 32 
13 26 
12 24 
35 70 
24 48 
27 54 
34 68 
41 82 
36 72 
49 98 
50 100 
46 92 
14 28 
36 72 
24 48 
39 78 
40 80 
41 82 
24 48 
17 34 
51 102 
60 120 
14 28 
35 70 
37 74 
45 90 
19 38 
37 74 
40 80 
4 8 
15 30 
43 86 
17 34 
21 42 
1 2 
2 4 
49 98 
58 116 
13 26 
52 104 
7 14 
22 44 
48 96 
53 106 
40 80 
14 28 
40 80 
8 16 
30 60 
45 90 
15 30 
8 16 
4 8 
3 6 
10 20 
37 74 
18 36 
4 8 
12 24 
44 88 
13 26 
53 106 
54 108 
33 66 
47 94 
30 60 
35 70 
12 24 
37 74 
11 22 
9 18 
0 0 
0 0 
0 0 
0 0 
0 0 
0 0 
0 0 
0 0 
0 0 
0 0 
0 0 
0 0 
0 0 
0 0 
0 0 
29 58 
7 14 
42 84 
30 60 
43 86 
48 96 
1 2 
19 38 
49 98 
38 76 
5 10 
6 12 
14 28 
8 16 
5 10 
p
0 0 0 0 0 0 
0 0 0 0 0 0 
0 0 0 0 0 0 
0 0 0 0 0 0 
0 0 0 0 0 0 
0 0 0 0 0 0 
0 0 0 0 0 0 
0 0 0 0 0 0 
0 0 0 0 0 0 
0 0 0 0 0 0 
0 0 0 0 0 0 
0 0 0 0 0 0 
0 0 0 0 0 0 
0 0 0 0 0 0 
0 0 0 0 0 0 
0 0 0 0 0 0 
0 0 0 0 0 0 
0 0 0 0 0 0 
0 0 0 0 0 0 
0 0 0 0 0 0 
11 11 11 11 11 11 
11 11 11 11 11 11 
11 11 11 11 11 11 
11 11 11 11 11 11 
11 11 11 11 11 11 
11 11 11 11 11 11 
11 11 11 11 11 11 
11 11 11 11 11 11 
11 11 11 11 11 11 
11 11 11 11 11 11 
11 11 11 11 11 11 
11 11 11 11 11 11 
11 11 11 11 11 11 
11 11 11 11 11 11 
11 11 11 11 11 11 
11 11 11 11 11 11 
11 11 11 11 11 11 
11 11 11 11 11 11 
11 11 11 11 11 11 
11 11 11 11 11 11 
11 11 11 11 11 11 
11 11 11 11 11 11 
11 11 11 11 11 11 
11 11 11 11 11 11 
11 11 11 11 11 11 
11 11 11 11 11 11 
11 11 11 11 11 11 
11 11 11 11 11 11 
11 11 11 11 11 11 
11 11 11 11 11 11 
11 11 11 11 11 11 
11 11 11 11 11 11 
11 11 11 11 11 11 
11 11 11 11 11 11 
11 11 11 11 11 11 
11 11 11 11 11 11 
11 11 11 11 11 11 
11 11 11 11 11 11 
11 11 11 11 11 11 
11 11 11 11 11 11 
11 11 11 11 11 11 
11 11 11 11 11 11 
11 11 11 11 11 11 
11 11 11 11 11 11 
11 11 11 11 11 11 
11 11 11 11 11 11 
11 11 11 11 11 11 
11 11 11 11 11 11 
11 11 11 11 11 11 
11 11 11 11 11 11 
11 11 11 11 11 11 
11 11 11 11 11 11 
11 11 11 11 11 11 
11 11 11 11 11 11 
11 11 11 11 11 11 
11 11 11 11 11 11 
11 11 11 11 11 11 
11 11 11 11 11 11 
11 11 11 11 11 11 
11 11 11 11 11 11 
11 11 11 11 11 11 
11 11 11 11 11 11 
11 11 11 11 11 11 
11 11 11 11 11 11 
11 11 11 11 11 11 
11 11 11 11 11 11 
11 11 11 11 11 11 
11 11 11 11 11 11 
11 11 11 11 11 11 
11 11 11 11 11 11 
11 11 11 11 11 11 
11 11 11 11 11 11 
11 11 11 11 11 11 
11 11 11 11 11 11 
11 11 11 11 11 11 
11 11 11 11 11 11 
11 11 11 11 11 11 
11 11 11 11 11 11 
11 11 11 11 11 11 
11 11 11 11 11 11 
11 11 11 11 11 11 
11 11 11 11 11 11 
11 11 11 11 11 11 
11 11 11 11 11 11 
11 11 11 11 11 11 
11 11 11 11 11 11 
11 11 11 11 11 11 
11 11 11 11 11 11 
11 11 11 11 11 11 
11 11 11 11 11 11 
11 11 11 11 11 11 
11 11 11 11 11 11 
11 11 11 11 11 11 
11 11 11 11 11 11 
11 11 11 11 11 11 
11 11 11 11 11 11 
11 11 11 11 11 11 
11 11 11 11 11 11 
11 11 11 11 11 11 
11 11 11 11 11 11 
11 11 11 11 11 11 
11 11 11 11 11 11 
11 11 11 11 11 11 
11 11 11 11 11 11 
11 11 11 11 11 11 
11 11 11 11 11 11 
11 11 11 11 11 11 
11 11 11 11 11 11 
11 11 11 11 11 11 
11 11 11 11 11 11 
11 11 11 11 11 11 
11 11 11 11 11 11 
11 11 11 11 11 11 
11 11 11 11 11 11 
11 11 11 11 11 11 
11 11 11 11 11 11 
11 11 11 11 11 11 
11 11 11 11 11 11 
11 11 11 11 11 11 
11 11 11 11 11 11 
11 11 11 11 11 11 
11 11 11 11 11 11 
11 11 11 11 11 11 
11 11 11 11 11 11 
11 11 11 11 11 11 
11 11 11 11 11 11 
11 11 11 11 11 11 
11 11 11 11 11 11 
11 11 11 11 11 11 
11 11 11 11 11 11 
11 11 11 11 11 11 
11 11 11 11 11 11 
11 11 11 11 11 11 
11 11 11 11 11 11 
11 11 11 11 11 11 
11 11 11 11 11 11 
11 11 11 11 11 11 
11 11 11 11 11 11 
11 11 11 11 11 11 
11 11 11 11 11 11 
11 11 11 11 11 11 
11 11 11 11 11 11 
11 11 11 11 11 11 
11 11 11 11 11 11 
11 11 11 11 11 11 
11 11 11 11 11 11 
11 11 11 11 11 11 
11 11 11 11 11 11 
11 11 11 11 11 11 
11 11 11 11 11 11 
11 11 11 11 11 11 
11 11 11 11 11 11 
11 11 11 11 11 11 
11 11 11 11 11 11 
11 11 11 11 11 11 
11 11 11 11 11 11 
11 11 11 11 11 11 
11 11 11 11 11 11 
11 11 11 11 11 11 
11 11 11 11 11 11 
11 11 11 11 11 11 
11 11 11 11 11 11 
11 11 11 11 11 11 
11 11 11 11 11 11 
11 11 11 11 11 11 
11 11 11 11 11 11 
11 11 11 11 11 11 
11 11 11 11 11 11 
11 11 11 11 11 11 
11 11 11 11 11 11 
11 11 11 11 11 11 
11 11 11 11 11 11 
11 11 11 11 11 11 
11 11 11 11 11 11 
11 11 11 11 11 11 
11 11 11 11 11 11 
11 11 11 11 11 11 
11 11 11 11 11 11 
11 11 11 11 11 11 
11 11 11 11 11 11 
11 11 11 11 11 11 
11 11 11 11 11 11 
11 11 11 11 11 11 
11 11 11 11 11 11 
11 11 11 11 11 11 
11 11 11 11 11 11 
11 11 11 11 11 11 
11 11 11 11 11 11 
11 11 11 11 11 11 
11 11 11 11 11 11 
11 11 11 11 11 11 
11 11 11 11 11 11 
11 11 11 11 11 11 
11 11 11 11 11 11 
11 11 11 11 11 11 
11 11 11 11 11 11 
11 11 11 11 11 11 
11 11 11 11 11 11 
11 11 11 11 11 11 
11 11 11 11 11 11 
11 11 11 11 11 11 
11 11 11 11 11 11 
11 11 11 11 11 11 
11 11 11 11 11 11 
11 11 11 11 11 11 
11 11 11 11 11 11 
11 11 11 11 11 11 
11 11 11 11 11 11 
11 11 11 11 11 11 
11 11 11 11 11 11 
11 11 11 11 11 11 
11 11 11 11 11 11 
11 11 11 11 11 11 
11 11 11 11 11 11 
11 11 11 11 11 11 
11 11 11 11 11 11 
11 11 11 11 11 11 
11 11 11 11 11 11 
11 11 11 11 11 11 
11 11 11 11 11 11 
11 11 11 11 11 11 
11 11 11 11 11 11 
11 11 11 11 11 11 
11 11 11 11 11 11 
11 11 11 11 11 11 
11 11 11 11 11 11 
11 11 11 11 11 11 
11 11 11 11 11 11 
11 11 11 11 11 11 
11 11 11 11 11 11 
11 11 11 11 11 11 
11 11 11 11 11 11 
11 11 11 11 11 11 
11 11 11 11 11 11 
11 11 11 11 11 11 
11 11 11 11 11 11 
11 11 11 11 11 11 
11 11 11 11 11 11 
11 11 11 11 11 11 
11 11 11 11 11 11 
11 11 11 11 11 11 
11 11 11 11 11 11 
11 11 11 11 11 11 
11 11 11 11 11 11 
11 11 11 11 11 11 
11 11 11 11 11 11 
11 11 11 11 11 11 
11 11 11 11 11 11 
11 11 11 11 11 11 
11 11 11 11 11 11 
11 11 11 11 11 11 
11 11 11 11 11 11 
11 11 11 11 11 11 
11 11 11 11 11 11 
11 11 11 11 11 11 
11 11 11 11 11 11 
11 11 11 11 11 11 
11 11 11 11 11 11 
11 11 11 11 11 11 
11 11 11 11 11 11 
11 11 11 11 11 11 
11 11 11 11 11 11 
11 11 11 11 11 11 
11 11 11 11 11 11 
11 11 11 11 11 11 
11 11 11 11 11 11 
11 11 11 11 11 11 
11 11 11 11 11 11 
11 11 11 11 11 11 
11 11 11 11 11 11 
11 11 11 11 11 11 
11 11 11 11 11 11 
11 11 11 11 11 11 
11 11 11 11 11 11 
11 11 11 11 11 11 
11 11 11 11 11 11 
11 11 11 11 11 11 
11 11 11 11 11 11 
11 11 11 11 11 11 
11 11 11 11 11 11 
11 11 11 11 11 11 
11 11 11 11 11 11 
11 11 11 11 11 11 
11 11 11 11 11 11 
11 11 11 11 11 11 
11 11 11 11 11 11 
11 11 11 11 11 11 
11 11 11 11 11 11 
11 11 11 11 11 11 
11 11 11 11 11 11 
11 11 11 11 11 11 
11 11 11 11 11 11 
11 11 11 11 11 11 
11 11 11 11 11 11 
11 11 11 11 11 11 
11 11 11 11 11 11 
11 11 11 11 11 11 
11 11 11 11 11 11 
11 11 11 11 11 11 
11 11 11 11 11 11 
11 11 11 11 11 11 
11 11 11 11 11 11 
11 11 11 11 11 11 
11 11 11 11 11 11 
11 11 11 11 11 11 
11 11 11 11 11 11 
11 11 11 11 11 11 
11 11 11 11 11 11 
11 11 11 11 11 11 
11 11 11 11 11 11 
11 11 11 11 11 11 
11 11 11 11 11 11 
11 11 11 11 11 11 
11 11 11 11 11 11 
11 11 11 11 11 11 
11 11 11 11 11 11 
11 11 11 11 11 11 
11 11 11 11 11 11 
11 11 11 11 11 11 
11 11 11 11 11 11 
11 11 11 11 11 11 
11 11 11 11 11 11 
11 11 11 11 11 11 
11 11 11 11 11 11 
11 11 11 11 11 11 
11 11 11 11 11 11 
11 11 11 11 11 11 
11 11 11 11 11 11 
11 11 11 11 11 11 
11 11 11 11 11 11 
11 11 11 11 11 11 
11 11 11 11 11 11 
11 11 11 11 11 11 
11 11 11 11 11 11 
11 11 11 11 11 11 
11 11 11 11 11 11 
11 11 11 11 11 11 
11 11 11 11 11 11 
11 11 11 11 11 11 
11 11 11 11 11 11 
11 11 11 11 11 11 
11 11 11 11 11 11 
11 11 11 11 11 11 
11 11 11 11 11 11 
11 11 11 11 11 11 
11 11 11 11 11 11 
11 11 11 11 11 11 
11 11 11 11 11 11 
11 11 11 11 11 11 
11 11 11 11 11 11 
11 11 11 11 11 11 
11 11 11 11 11 11 
11 11 11 11 11 11 
11 11 11 11 11 11 
11 11 11 11 11 11 
11 11 11 11 11 11 
11 11 11 11 11 11 
11 11 11 11 11 11 
11 11 11 11 11 11 
11 11 11 11 11 11 
11 11 11 11 11 11 
11 11 11 11 11 11 
11 11 11 11 11 11 
11 11 11 11 11 11 
11 11 11 11 11 11 
11 11 11 11 11 11 
11 11 11 11 11 11 
11 11 11 11 11 11 
11 11 11 11 11 11 
11 11 11 11 11 11 
11 11 11 11 11 11 
11 11 11 11 11 11 
11 11 11 11 11 11 
11 11 11 11 11 11 
11 11 11 11 11 11 
11 11 11 11 11 11 
11 11 11 11 11 11 
11 11 11 11 11 11 
11 11 11 11 11 11 
11 11 11 11 11 11 
11 11 11 11 11 11 
11 11 11 11 11 11 
11 11 11 11 11 11 
11 11 11 11 11 11 
11 11 11 11 11 11 
11 11 11 11 11 11 
11 11 11 11 11 11 
11 11 11 11 11 11 
11 11 11 11 11 11 
11 11 11 11 11 11 
11 11 11 11 11 11 
11 11 11 11 11 11 
11 11 11 11 11 11 
11 11 11 11 11 11 
11 11 11 11 11 11 
11 11 11 11 11 11 
11 11 11 11 11 11 
11 11 11 11 11 11 
11 11 11 11 11 11 
11 11 11 11 11 11 
11 11 11 11 11 11 
11 11 11 11 11 11 
11 11 11 11 11 11 
11 11 11 11 11 11 
11 11 11 11 11 11 
11 11 11 11 11 11 
11 11 11 11 11 11 
11 11 11 11 11 11 
11 11 11 11 11 11 
11 11 11 11 11 11 
11 11 11 11 11 11 
11 11 11 11 11 11 
11 11 11 11 11 11 
11 11 11 11 11 11 
11 11 11 11 11 11 
11 11 11 11 11 11 
11 11 11 11 11 11 
11 11 11 11 11 11 
11 11 11 11 11 11 
11 11 11 11 11 11 
11 11 11 11 11 11 
11 11 11 11 11 11 
11 11 11 11 11 11 
11 11 11 11 11 11 
11 11 11 11 11 11 
11 11 11 11 11 11 
11 11 11 11 11 11 
11 11 11 11 11 11 
11 11 11 11 11 11 
11 11 11 11 11 11 
11 11 11 11 11 11 
11 11 11 11 11 11 
11 11 11 11 11 11 
11 11 11 11 11 11 
11 11 11 11 11 11 
11 11 11 11 11 11 
11 11 11 11 11 11 
11 11 11 11 11 11 
11 11 11 11 11 11 
11 11 11 11 11 11 
11 11 11 11 11 11 
11 11 11 11 11 11 
11 11 11 11 11 11 
11 11 11 11 11 11 
11 11 11 11 11 11 
11 11 11 11 11 11 
11 11 11 11 11 11 
11 11 11 11 11 11 
11 11 11 11 11 11 
11 11 11 11 11 11 
11 11 11 11 11 11 
11 11 11 11 11 11 
11 11 11 11 11 11 
11 11 11 11 11 11 
11 11 11 11 11 11 
11 11 11 11 11 11 
11 11 11 11 11 11 
11 11 11 11 11 11 
11 11 11 11 11 11 
11 11 11 11 11 11 
11 11 11 11 11 11 
11 11 11 11 11 11 
11 11 11 11 11 11 
11 11 11 11 11 11 
11 11 11 11 11 11 
11 11 11 11 11 11 
11 11 11 11 11 11 
11 11 11 11 11 11 
11 11 11 11 11 11 
11 11 11 11 11 11 
11 11 11 11 11 11 
11 11 11 11 11 11 
11 11 11 11 11 11 
11 11 11 11 11 11 
11 11 11 11 11 11 
11 11 11 11 11 11 
11 11 11 11 11 11 
11 11 11 11 11 11 
11 11 11 11 11 11 
11 11 11 11 11 11 
11 11 11 11 11 11 
11 11 11 11 11 11 
11 11 11 11 11 11 
11 11 11 11 11 11 
11 11 11 11 11 11 
11 11 11 11 11 11 
11 11 11 11 11 11 
11 11 11 11 11 11 
11 11 11 11 11 11 
11 11 11 11 11 11 
11 11 11 11 11 11 
11 11 11 11 11 11 
11 11 11 11 11 11 
11 11 11 11 11 11 
11 11 11 11 11 11 
11 11 11 11 11 11 
11 11 11 11 11 11 
11 11 11 11 11 11 
11 11 11 11 11 11 
11 11 11 11 11 11 
11 11 11 11 11 11 
11 11 11 11 11 11 
11 11 11 11 11 11 
11 11 11 11 11 11 
11 11 11 11 11 11 
11 11 11 11 11 11 
11 11 11 11 11 11 
11 11 11 11 11 11 
11 11 11 11 11 11 
11 11 11 11 11 11 
11 11 11 11 11 11 
11 11 11 11 11 11 
11 11 11 11 11 11 
11 11 11 11 11 11 
11 11 11 11 11 11 
11 11 11 11 11 11 
11 11 11 11 11 11 
11 11 11 11 11 11 
11 11 11 11 11 11 
11 11 11 11 11 11 
11 11 11 11 11 11 
11 11 11 11 11 11 
11 11 11 11 11 11 
11 11 11 11 11 11 
11 11 11 11 11 11 
11 11 11 11 11 11 
11 11 11 11 11 11 
11 11 11 11 11 11 
11 11 11 11 11 11 
11 11 11 11 11 11 
11 11 11 11 11 11 
11 11 11 11 11 11 
11 11 11 11 11 11 
11 11 11 11 11 11 
11 11 11 11 11 11 
11 11 11 11 11 11 
11 11 11 11 11 11 
11 11 11 11 11 11 
11 11 11 11 11 11 
11 11 11 11 11 11 
11 11 11 11 11 11 
11 11 11 11 11 11 
11 11 11 11 11 11 
11 11 11 11 11 11 
11 11 11 11 11 11 
11 11 11 11 11 11 
11 11 11 11 11 11 
11 11 11 11 11 11 
11 11 11 11 11 11 
11 11 11 11 11 11 
11 11 11 11 11 11 
11 11 11 11 11 11 
11 11 11 11 11 11 
11 11 11 11 11 11 
11 11 11 11 11 11 
11 11 11 11 11 11 
11 11 11 11 11 11 
11 11 11 11 11 11 
11 11 11 11 11 11 
11 11 11 11 11 11 
11 11 11 11 11 11 
11 11 11 11 11 11 
11 11 11 11 11 11 
11 11 11 11 11 11 
11 11 11 11 11 11 
11 11 11 11 11 11 
11 11 11 11 11 11 
11 11 11 11 11 11 
11 11 11 11 11 11 
11 11 11 11 11 11 
11 11 11 11 11 11 
11 11 11 11 11 11 
11 11 11 11 11 11 
11 11 11 11 11 11 
11 11 11 11 11 11 
11 11 11 11 11 11 
11 11 11 11 11 11 
11 11 11 11 11 11 
11 11 11 11 11 11 
11 11 11 11 11 11 
11 11 11 11 11 11 
11 11 11 11 11 11 
11 11 11 11 11 11 
11 11 11 11 11 11 
11 11 11 11 11 11 
11 11 11 11 11 11 
11 11 11 11 11 11 
11 11 11 11 11 11 
11 11 11 11 11 11 
11 11 11 11 11 11 
11 11 11 11 11 11 
11 11 11 11 11 11 
11 11 11 11 11 11 
11 11 11 11 11 11 
11 11 11 11 11 11 
11 11 11 11 11 11 
11 11 11 11 11 11 
11 11 11 11 11 11 
11 11 11 11 11 11 
11 11 11 11 11 11 
11 11 11 11 11 11 
11 11 11 11 11 11 
11 11 11 11 11 11 
11 11 11 11 11 11 
11 11 11 11 11 11 
11 11 11 11 11 11 
11 11 11 11 11 11 
11 11 11 11 11 11 
11 11 11 11 11 11 
11 11 11 11 11 11 
11 11 11 11 11 11 
11 11 11 11 11 11 
11 11 11 11 11 11 
11 11 11 11 11 11 
11 11 11 11 11 11 
11 11 11 11 11 11 
11 11 11 11 11 11 
11 11 11 11 11 11 
11 11 11 11 11 11 
11 11 11 11 11 11 
11 11 11 11 11 11 
11 11 11 11 11 11 
11 11 11 11 11 11 
11 11 11 11 11 11 
11 11 11 11 11 11 
11 11 11 11 11 11 
11 11 11 11 11 11 
11 11 11 11 11 11 
11 11 11 11 11 11 
11 11 11 11 11 11 
11 11 11 11 11 11 
11 11 11 11 11 11 
11 11 11 11 11 11 
11 11 11 11 11 11 
11 11 11 11 11 11 
11 11 11 11 11 11 
11 11 11 11 11 11 
11 11 11 11 11 11 
11 11 11 11 11 11 
11 11 11 11 11 11 
11 11 11 11 11 11 
11 11 11 11 11 11 
11 11 11 11 11 11 
11 11 11 11 11 11 
11 11 11 11 11 11 
11 11 11 11 11 11 
11 11 11 11 11 11 
11 11 11 11 11 11 
11 11 11 11 11 11 
11 11 11 11 11 11 
11 11 11 11 11 11 
11 11 11 11 11 11 
11 11 11 11 11 11 
11 11 11 11 11 11 
11 11 11 11 11 11 
11 11 11 11 11 11 
11 11 11 11 11 11 
11 11 11 11 11 11 
11 11 11 11 11 11 
11 11 11 11 11 11 
11 11 11 11 11 11 
11 11 11 11 11 11 
11 11 11 11 11 11 
11 11 11 11 11 11 
11 11 11 11 11 11 
11 11 11 11 11 11 
11 11 11 11 11 11 
11 11 11 11 11 11 
11 11 11 11 11 11 
11 11 11 11 11 11 
11 11 11 11 11 11 
11 11 11 11 11 11 
11 11 11 11 11 11 
11 11 11 11 11 11 
11 11 11 11 11 11 
11 11 11 11 11 11 
11 11 11 11 11 11 
11 11 11 11 11 11 
11 11 11 11 11 11 
11 11 11 11 11 11 
11 11 11 11 11 11 
11 11 11 11 11 11 
11 11 11 11 11 11 
11 11 11 11 11 11 
11 11 11 11 11 11 
11 11 11 11 11 11 
11 11 11 11 11 11 
11 11 11 11 11 11 
11 11 11 11 11 11 
11 11 11 11 11 11 
11 11 11 11 11 11 
11 11 11 11 11 11 
11 11 11 11 11 11 
11 11 11 11 11 11 
11 11 11 11 11 11 
11 11 11 11 11 11 
11 11 11 11 11 11 
11 11 11 11 11 11 
11 11 11 11 11 11 
11 11 11 11 11 11 
11 11 11 11 11 11 
11 11 11 11 11 11 
11 11 11 11 11 11 
11 11 11 11 11 11 
11 11 11 11 11 11 
11 11 11 11 11 11 
11 11 11 11 11 11 
11 11 11 11 11 11 
11 11 11 11 11 11 
11 11 11 11 11 11 
11 11 11 11 11 11 
11 11 11 11 11 11 
11 11 11 11 11 11 
11 11 11 11 11 11 
11 11 11 11 11 11 
11 11 11 11 11 11 
11 11 11 11 11 11 
11 11 11 11 11 11 
11 11 11 11 11 11 
11 11 11 11 11 11 
11 11 11 11 11 11 
11 11 11 11 11 11 
11 11 11 11 11 11 
11 11 11 11 11 11 
11 11 11 11 11 11 
11 11 11 11 11 11 
11 11 11 11 11 11 
11 11 11 11 11 11 
11 11 11 11 11 11 
11 11 11 11 11 11 
11 11 11 11 11 11 
11 11 11 11 11 11 
11 11 11 11 11 11 
11 11 11 11 11 11 
11 11 11 11 11 11 
11 11 11 11 11 11 
11 11 11 11 11 11 
11 11 11 11 11 11 
11 11 11 11 11 11 
11 11 11 11 11 11 
11 11 11 11 11 11 
11 11 11 11 11 11 
11 11 11 11 11 11 
11 11 11 11 11 11 
11 11 11 11 11 11 
11 11 11 11 11 11 
11 11 11 11 11 11 
11 11 11 11 11 11 
11 11 11 11 11 11 
11 11 11 11 11 11 
11 11 11 11 11 11 
11 11 11 11 11 11 
11 11 11 11 11 11 
11 11 11 11 11 11 
11 11 11 11 11 11 
11 11 11 11 11 11 
11 11 11 11 11 11 
11 11 11 11 11 11 
11 11 11 11 11 11 
11 11 11 11 11 11 
11 11 11 11 11 11 
11 11 11 11 11 11 
11 11 11 11 11 11 
11 11 11 11 11 11 
11 11 11 11 11 11 
11 11 11 11 11 11 
11 11 11 11 11 11 
11 11 11 11 11 11 
11 11 11 11 11 11 
11 11 11 11 11 11 
11 11 11 11 11 11 
11 11 11 11 11 11 
11 11 11 11 11 11 
11 11 11 11 11 11 
11 11 11 11 11 11 
11 11 11 11 11 11 
11 11 11 11 11 11 
11 11 11 11 11 11 
11 11 11 11 11 11 
11 11 11 11 11 11 
11 11 11 11 11 11 
11 11 11 11 11 11 
11 11 11 11 11 11 
11 11 11 11 11 11 
11 11 11 11 11 11 
11 11 11 11 11 11 
11 11 11 11 11 11 
11 11 11 11 11 11 
11 11 11 11 11 11 
11 11 11 11 11 11 
11 11 11 11 11 11 
11 11 11 11 11 11 
11 11 11 11 11 11 
11 11 11 11 11 11 
11 11 11 11 11 11 
11 11 11 11 11 11 
11 11 11 11 11 11 
11 11 11 11 11 11 
11 11 11 11 11 11 
11 11 11 11 11 11 
11 11 11 11 11 11 
11 11 11 11 11 11 
11 11 11 11 11 11 
11 11 11 11 11 11 
11 11 11 11 11 11 
11 11 11 11 11 11 
11 11 11 11 11 11 
11 11 11 11 11 11 
11 11 11 11 11 11 
11 11 11 11 11 11 
11 11 11 11 11 11 
11 11 11 11 11 11 
11 11 11 11 11 11 
11 11 11 11 11 11 
11 11 11 11 11 11 
11 11 11 11 11 11 
11 11 11 11 11 11 
11 11 11 11 11 11 
11 11 11 11 11 11 
11 11 11 11 11 11 
11 11 11 11 11 11 
11 11 11 11 11 11 
11 11 11 11 11 11 
11 11 11 11 11 11 
11 11 11 11 11 11 
11 11 11 11 11 11 
11 11 11 11 11 11 
11 11 11 11 11 11 
11 11 11 11 11 11 
11 11 11 11 11 11 
11 11 11 11 11 11 
11 11 11 11 11 11 
11 11 11 11 11 11 
11 11 11 11 11 11 
11 11 11 11 11 11 
11 11 11 11 11 11 
11 11 11 11 11 11 
11 11 11 11 11 11 
11 11 11 11 11 11 
11 11 11 11 11 11 
11 11 11 11 11 11 
11 11 11 11 11 11 
11 11 11 11 11 11 
11 11 11 11 11 11 
11 11 11 11 11 11 
11 11 11 11 11 11 
11 11 11 11 11 11 
11 11 11 11 11 11 
11 11 11 11 11 11 
11 11 11 11 11 11 
11 11 11 11 11 11 
11 11 11 11 11 11 
11 11 11 11 11 11 
11 11 11 11 11 11 
11 11 11 11 11 11 
11 11 11 11 11 11 
11 11 11 11 11 11 
11 11 11 11 11 11 
11 11 11 11 11 11 
11 11 11 11 11 11 
11 11 11 11 11 11 
11 11 11 11 11 11 
11 11 11 11 11 11 
11 11 11 11 11 11 
11 11 11 11 11 11 
11 11 11 11 11 11 
11 11 11 11 11 11 
11 11 11 11 11 11 
11 11 11 11 11 11 
11 11 11 11 11 11 
11 11 11 11 11 11 
11 11 11 11 11 11 
11 11 11 11 11 11 
11 11 11 11 11 11 
11 11 11 11 11 11 
11 11 11 11 11 11 
11 11 11 11 11 11 
11 11 11 11 11 11 
11 11 11 11 11 11 
11 11 11 11 11 11 
11 11 11 11 11 11 
11 11 11 11 11 11 
11 11 11 11 11 11 
11 11 11 11 11 11 
11 11 11 11 11 11 
11 11 11 11 11 11 
11 11 11 11 11 11 
11 11 11 11 11 11 
11 11 11 11 11 11 
11 11 11 11 11 11 
11 11 11 11 11 11 
11 11 11 11 11 11 
11 11 11 11 11 11 
11 11 11 11 11 11 
11 11 11 11 11 11 
11 11 11 11 11 11 
11 11 11 11 11 11 
11 11 11 11 11 11 
11 11 11 11 11 11 
11 11 11 11 11 11 
11 11 11 11 11 11 
11 11 11 11 11 11 
11 11 11 11 11 11 
11 11 11 11 11 11 
11 11 11 11 11 11 
11 11 11 11 11 11 
11 11 11 11 11 11 
11 11 11 11 11 11 
11 11 11 11 11 11 
11 11 11 11 11 11 
11 11 11 11 11 11 
11 11 11 11 11 11 
11 11 11 11 11 11 
11 11 11 11 11 11 
11 11 11 11 11 11 
11 11 11 11 11 11 
11 11 11 11 11 11 
11 11 11 11 11 11 
11 11 11 11 11 11 
11 11 11 11 11 11 
11 11 11 11 11 11 
11 11 11 11 11 11 
11 11 11 11 11 11 
11 11 11 11 11 11 
11 11 11 11 11 11 
11 11 11 11 11 11 
11 11 11 11 11 11 
11 11 11 11 11 11 
11 11 11 11 11 11 
11 11 11 11 11 11 
11 11 11 11 11 11 
11 11 11 11 11 11 
11 11 11 11 11 11 
11 11 11 11 11 11 
11 11 11 11 11 11 
11 11 11 11 11 11 
11 11 11 11 11 11 
11 11 11 11 11 11 
11 11 11 11 11 11 
11 11 11 11 11 11 
11 11 11 11 11 11 
11 11 11 11 11 11 
11 11 11 11 11 11 
11 11 11 11 11 11 
11 11 11 11 11 11 
11 11 11 11 11 11 
11 11 11 11 11 11 
11 11 11 11 11 11 
11 11 11 11 11 11 
11 11 11 11 11 11 
11 11 11 11 11 11 
11 11 11 11 11 11 
11 11 11 11 11 11 
11 11 11 11 11 11 
11 11 11 11 11 11 
11 11 11 11 11 11 
11 11 11 11 11 11 
11 11 11 11 11 11 
11 11 11 11 11 11 
11 11 11 11 11 11 
11 11 11 11 11 11 
11 11 11 11 11 11 
11 11 11 11 11 11 
11 11 11 11 11 11 
11 11 11 11 11 11 
11 11 11 11 11 11 
11 11 11 11 11 11 
11 11 11 11 11 11 
11 11 11 11 11 11 
11 11 11 11 11 11 
11 11 11 11 11 11 
11 11 11 11 11 11 
11 11 11 11 11 11 
11 11 11 11 11 11 
11 11 11 11 11 11 
11 11 11 11 11 11 
11 11 11 11 11 11 
11 11 11 11 11 11 
11 11 11 11 11 11 
11 11 11 11 11 11 
11 11 11 11 11 11 
11 11 11 11 11 11 
11 11 11 11 11 11 
11 11 11 11 11 11 
11 11 11 11 11 11 
11 11 11 11 11 11 
11 11 11 11 11 11 
11 11 11 11 11 11 
11 11 11 11 11 11 
11 11 11 11 11 11 
11 11 11 11 11 11 
11 11 11 11 11 11 
11 11 11 11 11 11 
11 11 11 11 11 11 
11 11 11 11 11 11 
11 11 11 11 11 11 
11 11 11 11 11 11 
11 11 11 11 11 11 
11 11 11 11 11 11 
11 11 11 11 11 11 
11 11 11 11 11 11 
11 11 11 11 11 11 
11 11 11 11 11 11 
11 11 11 11 11 11 
11 11 11 11 11 11 
11 11 11 11 11 11 
11 11 11 11 11 11 
11 11 11 11 11 11 
11 11 11 11 11 11 
11 11 11 11 11 11 
11 11 11 11 11 11 
11 11 11 11 11 11 
11 11 11 11 11 11 
11 11 11 11 11 11 
11 11 11 11 11 11 
11 11 11 11 11 11 
11 11 11 11 11 11 
11 11 11 11 11 11 
11 11 11 11 11 11 
11 11 11 11 11 11 
11 11 11 11 11 11 
11 11 11 11 11 11 
11 11 11 11 11 11 
11 11 11 11 11 11 
11 11 11 11 11 11 
11 11 11 11 11 11 
11 11 11 11 11 11 
11 11 11 11 11 11 
11 11 11 11 11 11 
11 11 11 11 11 11 
11 11 11 11 11 11 
11 11 11 11 11 11 
11 11 11 11 11 11 
11 11 11 11 11 11 
11 11 11 11 11 11 
11 11 11 11 11 11 
11 11 11 11 11 11 
11 11 11 11 11 11 
11 11 11 11 11 11 
11 11 11 11 11 11 
11 11 11 11 11 11 
11 11 11 11 11 11 
11 11 11 11 11 11 
11 11 11 11 11 11 
11 11 11 11 11 11 
11 11 11 11 11 11 
11 11 11 11 11 11 
11 11 11 11 11 11 
11 11 11 11 11 11 
11 11 11 11 11 11 
11 11 11 11 11 11 
11 11 11 11 11 11 
11 11 11 11 11 11 
11 11 11 11 11 11 
11 11 11 11 11 11 
11 11 11 11 11 11 
11 11 11 11 11 11 
11 11 11 11 11 11 
11 11 11 11 11 11 
11 11 11 11 11 11 
11 11 11 11 11 11 
11 11 11 11 11 11 
11 11 11 11 11 11 
11 11 11 11 11 11 
11 11 11 11 11 11 
11 11 11 11 11 11 
11 11 11 11 11 11 
11 11 11 11 11 11 
11 11 11 11 11 11 
11 11 11 11 11 11 
11 11 11 11 11 11 
11 11 11 11 11 11 
11 11 11 11 11 11 
11 11 11 11 11 11 
11 11 11 11 11 11 
11 11 11 11 11 11 
11 11 11 11 11 11 
11 11 11 11 11 11 
11 11 11 11 11 11 
11 11 11 11 11 11 
11 11 11 11 11 11 
11 11 11 11 11 11 
11 11 11 11 11 11 
11 11 11 11 11 11 
11 11 11 11 11 11 
11 11 11 11 11 11 
11 11 11 11 11 11 
11 11 11 11 11 11 
11 11 11 11 11 11 
11 11 11 11 11 11 
11 11 11 11 11 11 
11 11 11 11 11 11 
11 11 11 11 11 11 
11 11 11 11 11 11 
11 11 11 11 11 11 
11 11 11 11 11 11 
11 11 11 11 11 11 
11 11 11 11 11 11 
11 11 11 11 11 11 
11 11 11 11 11 11 
11 11 11 11 11 11 
11 11 11 11 11 11 
11 11 11 11 11 11 
11 11 11 11 11 11 
11 11 11 11 11 11 
11 11 11 11 11 11 
11 11 11 11 11 11 
11 11 11 11 11 11 
11 11 11 11 11 11 
11 11 11 11 11 11 
11 11 11 11 11 11 
11 11 11 11 11 11 
11 11 11 11 11 11 
11 11 11 11 11 11 
11 11 11 11 11 11 
11 11 11 11 11 11 
11 11 11 11 11 11 
11 11 11 11 11 11 
11 11 11 11 11 11 
11 11 11 11 11 11 
11 11 11 11 11 11 
11 11 11 11 11 11 
11 11 11 11 11 11 
11 11 11 11 11 11 
11 11 11 11 11 11 
11 11 11 11 11 11 
11 11 11 11 11 11 
11 11 11 11 11 11 
11 11 11 11 11 11 
11 11 11 11 11 11 
11 11 11 11 11 11 
11 11 11 11 11 11 
11 11 11 11 11 11 
11 11 11 11 11 11 
11 11 11 11 11 11 
11 11 11 11 11 11 
11 11 11 11 11 11 
11 11 11 11 11 11 
11 11 11 11 11 11 
11 11 11 11 11 11 
11 11 11 11 11 11 
11 11 11 11 11 11 
11 11 11 11 11 11 
11 11 11 11 11 11 
11 11 11 11 11 11 
11 11 11 11 11 11 
11 11 11 11 11 11 
11 11 11 11 11 11 
11 11 11 11 11 11 
11 11 11 11 11 11 
11 11 11 11 11 11 
11 11 11 11 11 11 
11 11 11 11 11 11 
11 11 11 11 11 11 
11 11 11 11 11 11 
11 11 11 11 11 11 
11 11 11 11 11 11 
11 11 11 11 11 11 
11 11 11 11 11 11 
11 11 11 11 11 11 
11 11 11 11 11 11 
11 11 11 11 11 11 
11 11 11 11 11 11 
11 11 11 11 11 11 
11 11 11 11 11 11 
11 11 11 11 11 11 
11 11 11 11 11 11 
11 11 11 11 11 11 
11 11 11 11 11 11 
11 11 11 11 11 11 
11 11 11 11 11 11 
11 11 11 11 11 11 
11 11 11 11 11 11 
11 11 11 11 11 11 
11 11 11 11 11 11 
11 11 11 11 11 11 
11 11 11 11 11 11 
11 11 11 11 11 11 
11 11 11 11 11 11 
11 11 11 11 11 11 
11 11 11 11 11 11 
11 11 11 11 11 11 
11 11 11 11 11 11 
11 11 11 11 11 11 
11 11 11 11 11 11 
11 11 11 11 11 11 
11 11 11 11 11 11 
11 11 11 11 11 11 
11 11 11 11 11 11 
11 11 11 11 11 11 
11 11 11 11 11 11 
11 11 11 11 11 11 
11 11 11 11 11 11 
11 11 11 11 11 11 
11 11 11 11 11 11 
11 11 11 11 11 11 
11 11 11 11 11 11 
11 11 11 11 11 11 
11 11 11 11 11 11 
11 11 11 11 11 11 
11 11 11 11 11 11 
11 11 11 11 11 11 
11 11 11 11 11 11 
11 11 11 11 11 11 
11 11 11 11 11 11 
11 11 11 11 11 11 
11 11 11 11 11 11 
11 11 11 11 11 11 
11 11 11 11 11 11 
11 11 11 11 11 11 
11 11 11 11 11 11 
11 11 11 11 11 11 
11 11 11 11 11 11 
11 11 11 11 11 11 
11 11 11 11 11 11 
11 11 11 11 11 11 
11 11 11 11 11 11 
11 11 11 11 11 11 
11 11 11 11 11 11 
11 11 11 11 11 11 
11 11 11 11 11 11 
11 11 11 11 11 11 
11 11 11 11 11 11 
11 11 11 11 11 11 
11 11 11 11 11 11 
11 11 11 11 11 11 
11 11 11 11 11 11 
11 11 11 11 11 11 
11 11 11 11 11 11 
11 11 11 11 11 11 
11 11 11 11 11 11 
11 11 11 11 11 11 
11 11 11 11 11 11 
11 11 11 11 11 11 
11 11 11 11 11 11 
11 11 11 11 11 11 
11 11 11 11 11 11 
11 11 11 11 11 11 
11 11 11 11 11 11 
11 11 11 11 11 11 
11 11 11 11 11 11 
11 11 11 11 11 11 
11 11 11 11 11 11 
11 11 11 11 11 11 
11 11 11 11 11 11 
11 11 11 11 11 11 
11 11 11 11 11 11 
11 11 11 11 11 11 
11 11 11 11 11 11 
11 11 11 11 11 11 
11 11 11 11 11 11 
11 11 11 11 11 11 
11 11 11 11 11 11 
11 11 11 11 11 11 
11 11 11 11 11 11 
11 11 11 11 11 11 
11 11 11 11 11 11 
11 11 11 11 11 11 
11 11 11 11 11 11 
11 11 11 11 11 11 
11 11 11 11 11 11 
11 11 11 11 11 11 
11 11 11 11 11 11 
11 11 11 11 11 11 
11 11 11 11 11 11 
11 11 11 11 11 11 
11 11 11 11 11 11 
11 11 11 11 11 11 
11 11 11 11 11 11 
11 11 11 11 11 11 
11 11 11 11 11 11 
11 11 11 11 11 11 
11 11 11 11 11 11 
11 11 11 11 11 11 
11 11 11 11 11 11 
11 11 11 11 11 11 
11 11 11 11 11 11 
11 11 11 11 11 11 
11 11 11 11 11 11 
11 11 11 11 11 11 
11 11 11 11 11 11 
11 11 11 11 11 11 
11 11 11 11 11 11 
11 11 11 11 11 11 
11 11 11 11 11 11 
11 11 11 11 11 11 
11 11 11 11 11 11 
11 11 11 11 11 11 
11 11 11 11 11 11 
11 11 11 11 11 11 
11 11 11 11 11 11 
11 11 11 11 11 11 
11 11 11 11 11 11 
11 11 11 11 11 11 
11 11 11 11 11 11 
11 11 11 11 11 11 
11 11 11 11 11 11 
11 11 11 11 11 11 
11 11 11 11 11 11 
11 11 11 11 11 11 
11 11 11 11 11 11 
11 11 11 11 11 11 
11 11 11 11 11 11 
11 11 11 11 11 11 
11 11 11 11 11 11 
11 11 11 11 11 11 
11 11 11 11 11 11 
11 11 11 11 11 11 
11 11 11 11 11 11 
11 11 11 11 11 11 
11 11 11 11 11 11 
11 11 11 11 11 11 
11 11 11 11 11 11 
11 11 11 11 11 11 
11 11 11 11 11 11 
11 11 11 11 11 11 
11 11 11 11 11 11 
11 11 11 11 11 11 
11 11 11 11 11 11 
11 11 11 11 11 11 
11 11 11 11 11 11 
11 11 11 11 11 11 
11 11 11 11 11 11 
11 11 11 11 11 11 
11 11 11 11 11 11 
11 11 11 11 11 11 
11 11 11 11 11 11 
11 11 11 11 11 11 
11 11 11 11 11 11 
11 11 11 11 11 11 
11 11 11 11 11 11 
11 11 11 11 11 11 
11 11 11 11 11 11 
11 11 11 11 11 11 
11 11 11 11 11 11 
11 11 11 11 11 11 
11 11 11 11 11 11 
11 11 11 11 11 11 
11 11 11 11 11 11 
11 11 11 11 11 11 
11 11 11 11 11 11 
11 11 11 11 11 11 
11 11 11 11 11 11 
11 11 11 11 11 11 
11 11 11 11 11 11 
11 11 11 11 11 11 
11 11 11 11 11 11 
11 11 11 11 11 11 
11 11 11 11 11 11 
11 11 11 11 11 11 
11 11 11 11 11 11 
11 11 11 11 11 11 
11 11 11 11 11 11 
11 11 11 11 11 11 
11 11 11 11 11 11 
11 11 11 11 11 11 
11 11 11 11 11 11 
11 11 11 11 11 11 
11 11 11 11 11 11 
11 11 11 11 11 11 
11 11 11 11 11 11 
11 11 11 11 11 11 
11 11 11 11 11 11 
11 11 11 11 11 11 
11 11 11 11 11 11 
11 11 11 11 11 11 
11 11 11 11 11 11 
11 11 11 11 11 11 
11 11 11 11 11 11 
11 11 11 11 11 11 
11 11 11 11 11 11 
11 11 11 11 11 11 
11 11 11 11 11 11 
11 11 11 11 11 11 
11 11 11 11 11 11 
11 11 11 11 11 11 
11 11 11 11 11 11 
11 11 11 11 11 11 
11 11 11 11 11 11 
11 11 11 11 11 11 
11 11 11 11 11 11 
11 11 11 11 11 11 
11 11 11 11 11 11 
11 11 11 11 11 11 
11 11 11 11 11 11 
11 11 11 11 11 11 
11 11 11 11 11 11 
11 11 11 11 11 11 
11 11 11 11 11 11 
11 11 11 11 11 11 
11 11 11 11 11 11 
11 11 11 11 11 11 
11 11 11 11 11 11 
11 11 11 11 11 11 
11 11 11 11 11 11 
11 11 11 11 11 11 
11 11 11 11 11 11 
11 11 11 11 11 11 
11 11 11 11 11 11 
11 11 11 11 11 11 
11 11 11 11 11 11 
11 11 11 11 11 11 
11 11 11 11 11 11 
11 11 11 11 11 11 
11 11 11 11 11 11 
11 11 11 11 11 11 
11 11 11 11 11 11 
11 11 11 11 11 11 
11 11 11 11 11 11 
11 11 11 11 11 11 
11 11 11 11 11 11 
11 11 11 11 11 11 
11 11 11 11 11 11 
11 11 11 11 11 11 
11 11 11 11 11 11 
11 11 11 11 11 11 
11 11 11 11 11 11 
11 11 11 11 11 11 
11 11 11 11 11 11 
11 11 11 11 11 11 
11 11 11 11 11 11 
11 11 11 11 11 11 
11 11 11 11 11 11 
11 11 11 11 11 11 
11 11 11 11 11 11 
11 11 11 11 11 11 
11 11 11 11 11 11 
11 11 11 11 11 11 
11 11 11 11 11 11 
11 11 11 11 11 11 
11 11 11 11 11 11 
11 11 11 11 11 11 
11 11 11 11 11 11 
11 11 11 11 11 11 
11 11 11 11 11 11 
11 11 11 11 11 11 
11 11 11 11 11 11 
11 11 11 11 11 11 
11 11 11 11 11 11 
11 11 11 11 11 11 
11 11 11 11 11 11 
11 11 11 11 11 11 
11 11 11 11 11 11 
11 11 11 11 11 11 
11 11 11 11 11 11 
11 11 11 11 11 11 
11 11 11 11 11 11 
11 11 11 11 11 11 
11 11 11 11 11 11 
11 11 11 11 11 11 
11 11 11 11 11 11 
11 11 11 11 11 11 
11 11 11 11 11 11 
11 11 11 11 11 11 
11 11 11 11 11 11 
11 11 11 11 11 11 
11 11 11 11 11 11 
11 11 11 11 11 11 
11 11 11 11 11 11 
11 11 11 11 11 11 
11 11 11 11 11 11 
11 11 11 11 11 11 
11 11 11 11 11 11 
11 11 11 11 11 11 
11 11 11 11 11 11 
11 11 11 11 11 11 
11 11 11 11 11 11 
11 11 11 11 11 11 
11 11 11 11 11 11 
11 11 11 11 11 11 
11 11 11 11 11 11 
11 11 11 11 11 11 
11 11 11 11 11 11 
11 11 11 11 11 11 
11 11 11 11 11 11 
11 11 11 11 11 11 
11 11 11 11 11 11 
11 11 11 11 11 11 
11 11 11 11 11 11 
11 11 11 11 11 11 
11 11 11 11 11 11 
11 11 11 11 11 11 
11 11 11 11 11 11 
11 11 11 11 11 11 
11 11 11 11 11 11 
11 11 11 11 11 11 
11 11 11 11 11 11 
11 11 11 11 11 11 
11 11 11 11 11 11 
11 11 11 11 11 11 
11 11 11 11 11 11 
11 11 11 11 11 11 
11 11 11 11 11 11 
11 11 11 11 11 11 
11 11 11 11 11 11 
11 11 11 11 11 11 
11 11 11 11 11 11 
11 11 11 11 11 11 
11 11 11 11 11 11 
11 11 11 11 11 11 
11 11 11 11 11 11 
11 11 11 11 11 11 
11 11 11 11 11 11 
11 11 11 11 11 11 
11 11 11 11 11 11 
11 11 11 11 11 11 
11 11 11 11 11 11 
11 11 11 11 11 11 
11 11 11 11 11 11 
11 11 11 11 11 11 
11 11 11 11 11 11 
11 11 11 11 11 11 
11 11 11 11 11 11 
11 11 11 11 11 11 
11 11 11 11 11 11 
11 11 11 11 11 11 
11 11 11 11 11 11 
11 11 11 11 11 11 
11 11 11 11 11 11 
11 11 11 11 11 11 
11 11 11 11 11 11 
11 11 11 11 11 11 
11 11 11 11 11 11 
11 11 11 11 11 11 
11 11 11 11 11 11 
11 11 11 11 11 11 
11 11 11 11 11 11 
11 11 11 11 11 11 
11 11 11 11 11 11 
11 11 11 11 11 11 
11 11 11 11 11 11 
11 11 11 11 11 11 
11 11 11 11 11 11 
11 11 11 11 11 11 
11 11 11 11 11 11 
11 11 11 11 11 11 
11 11 11 11 11 11 
11 11 11 11 11 11 
11 11 11 11 11 11 
11 11 11 11 11 11 
11 11 11 11 11 11 
11 11 11 11 11 11 
11 11 11 11 11 11 
11 11 11 11 11 11 
11 11 11 11 11 11 
11 11 11 11 11 11 
11 11 11 11 11 11 
11 11 11 11 11 11 
11 11 11 11 11 11 
11 11 11 11 11 11 
11 11 11 11 11 11 
11 11 11 11 11 11 
11 11 11 11 11 11 
11 11 11 11 11 11 
11 11 11 11 11 11 
11 11 11 11 11 11 
11 11 11 11 11 11 
11 11 11 11 11 11 
11 11 11 11 11 11 
11 11 11 11 11 11 
11 11 11 11 11 11 
11 11 11 11 11 11 
11 11 11 11 11 11 
11 11 11 11 11 11 
11 11 11 11 11 11 
11 11 11 11 11 11 
11 11 11 11 11 11 
11 11 11 11 11 11 
11 11 11 11 11 11 
11 11 11 11 11 11 
11 11 11 11 11 11 
11 11 11 11 11 11 
11 11 11 11 11 11 
11 11 11 11 11 11 
11 11 11 11 11 11 
11 11 11 11 11 11 
11 11 11 11 11 11 
11 11 11 11 11 11 
11 11 11 11 11 11 
11 11 11 11 11 11 
11 11 11 11 11 11 
11 11 11 11 11 11 
11 11 11 11 11 11 
11 11 11 11 11 11 
11 11 11 11 11 11 
11 11 11 11 11 11 
11 11 11 11 11 11 
11 11 11 11 11 11 
11 11 11 11 11 11 
11 11 11 11 11 11 
11 11 11 11 11 11 
11 11 11 11 11 11 
11 11 11 11 11 11 
11 11 11 11 11 11 
11 11 11 11 11 11 
11 11 11 11 11 11 
11 11 11 11 11 11 
11 11 11 11 11 11 
11 11 11 11 11 11 
11 11 11 11 11 11 
11 11 11 11 11 11 
11 11 11 11 11 11 
11 11 11 11 11 11 
11 11 11 11 11 11 
11 11 11 11 11 11 
11 11 11 11 11 11 
11 11 11 11 11 11 
11 11 11 11 11 11 
11 11 11 11 11 11 
11 11 11 11 11 11 
11 11 11 11 11 11 
11 11 11 11 11 11 
11 11 11 11 11 11 
11 11 11 11 11 11 
11 11 11 11 11 11 
11 11 11 11 11 11 
11 11 11 11 11 11 
11 11 11 11 11 11 
11 11 11 11 11 11 
11 11 11 11 11 11 
11 11 11 11 11 11 
11 11 11 11 11 11 
11 11 11 11 11 11 
11 11 11 11 11 11 
11 11 11 11 11 11 
11 11 11 11 11 11 
11 11 11 11 11 11 
11 11 11 11 11 11 
11 11 11 11 11 11 
11 11 11 11 11 11 
11 11 11 11 11 11 
11 11 11 11 11 11 
11 11 11 11 11 11 
11 11 11 11 11 11 
11 11 11 11 11 11 
11 11 11 11 11 11 
11 11 11 11 11 11 
11 11 11 11 11 11 
11 11 11 11 11 11 
11 11 11 11 11 11 
11 11 11 11 11 11 
11 11 11 11 11 11 
11 11 11 11 11 11 
11 11 11 11 11 11 
11 11 11 11 11 11 
11 11 11 11 11 11 
11 11 11 11 11 11 
11 11 11 11 11 11 
11 11 11 11 11 11 
11 11 11 11 11 11 
11 11 11 11 11 11 
11 11 11 11 11 11 
11 11 11 11 11 11 
11 11 11 11 11 11 
11 11 11 11 11 11 
11 11 11 11 11 11 
11 11 11 11 11 11 
11 11 11 11 11 11 
11 11 11 11 11 11 
11 11 11 11 11 11 
11 11 11 11 11 11 
11 11 11 11 11 11 
11 11 11 11 11 11 
11 11 11 11 11 11 
11 11 11 11 11 11 
11 11 11 11 11 11 
11 11 11 11 11 11 
11 11 11 11 11 11 
11 11 11 11 11 11 
11 11 11 11 11 11 
11 11 11 11 11 11 
11 11 11 11 11 11 
11 11 11 11 11 11 
11 11 11 11 11 11 
11 11 11 11 11 11 
11 11 11 11 11 11 
11 11 11 11 11 11 
11 11 11 11 11 11 
11 11 11 11 11 11 
11 11 11 11 11 11 
11 11 11 11 11 11 
11 11 11 11 11 11 
11 11 11 11 11 11 
11 11 11 11 11 11 
11 11 11 11 11 11 
11 11 11 11 11 11 
11 11 11 11 11 11 
11 11 11 11 11 11 
11 11 11 11 11 11 
11 11 11 11 11 11 
11 11 11 11 11 11 
11 11 11 11 11 11 
11 11 11 11 11 11 
11 11 11 11 11 11 
11 11 11 11 11 11 
11 11 11 11 11 11 
11 11 11 11 11 11 
11 11 11 11 11 11 
11 11 11 11 11 11 
11 11 11 11 11 11 
11 11 11 11 11 11 
11 11 11 11 11 11 
11 11 11 11 11 11 
11 11 11 11 11 11 
11 11 11 11 11 11 
11 11 11 11 11 11 
11 11 11 11 11 11 
11 11 11 11 11 11 
11 11 11 11 11 11 
11 11 11 11 11 11 
11 11 11 11 11 11 
11 11 11 11 11 11 
11 11 11 11 11 11 
11 11 11 11 11 11 
11 11 11 11 11 11 
11 11 11 11 11 11 
11 11 11 11 11 11 
11 11 11 11 11 11 
11 11 11 11 11 11 
11 11 11 11 11 11 
11 11 11 11 11 11 
11 11 11 11 11 11 
11 11 11 11 11 11 
11 11 11 11 11 11 
11 11 11 11 11 11 
11 11 11 11 11 11 
11 11 11 11 11 11 
11 11 11 11 11 11 
11 11 11 11 11 11 
11 11 11 11 11 11 
11 11 11 11 11 11 
11 11 11 11 11 11 
11 11 11 11 11 11 
11 11 11 11 11 11 
11 11 11 11 11 11 
11 11 11 11 11 11 
11 11 11 11 11 11 
11 11 11 11 11 11 
11 11 11 11 11 11 
11 11 11 11 11 11 
11 11 11 11 11 11 
11 11 11 11 11 11 
11 11 11 11 11 11 
11 11 11 11 11 11 
11 11 11 11 11 11 
11 11 11 11 11 11 
11 11 11 11 11 11 
11 11 11 11 11 11 
11 11 11 11 11 11 
11 11 11 11 11 11 
11 11 11 11 11 11 
11 11 11 11 11 11 
11 11 11 11 11 11 
11 11 11 11 11 11 
11 11 11 11 11 11 
11 11 11 11 11 11 
11 11 11 11 11 11 
11 11 11 11 11 11 
11 11 11 11 11 11 
11 11 11 11 11 11 
11 11 11 11 11 11 
11 11 11 11 11 11 
11 11 11 11 11 11 
11 11 11 11 11 11 
11 11 11 11 11 11 
11 11 11 11 11 11 
11 11 11 11 11 11 
11 11 11 11 11 11 
11 11 11 11 11 11 
11 11 11 11 11 11 
11 11 11 11 11 11 
11 11 11 11 11 11 
11 11 11 11 11 11 
11 11 11 11 11 11 
11 11 11 11 11 11 
11 11 11 11 11 11 
11 11 11 11 11 11 
11 11 11 11 11 11 
11 11 11 11 11 11 
11 11 11 11 11 11 
11 11 11 11 11 11 
11 11 11 11 11 11 
11 11 11 11 11 11 
11 11 11 11 11 11 
11 11 11 11 11 11 
11 11 11 11 11 11 
11 11 11 11 11 11 
11 11 11 11 11 11 
11 11 11 11 11 11 
11 11 11 11 11 11 
11 11 11 11 11 11 
11 11 11 11 11 11 
11 11 11 11 11 11 
11 11 11 11 11 11 
11 11 11 11 11 11 
11 11 11 11 11 11 
11 11 11 11 11 11 
11 11 11 11 11 11 
11 11 11 11 11 11 
11 11 11 11 11 11 
11 11 11 11 11 11 
11 11 11 11 11 11 
11 11 11 11 11 11 
11 11 11 11 11 11 
11 11 11 11 11 11 
11 11 11 11 11 11 
11 11 11 11 11 11 
11 11 11 11 11 11 
11 11 11 11 11 11 
11 11 11 11 11 11 
11 11 11 11 11 11 
11 11 11 11 11 11 
11 11 11 11 11 11 
11 11 11 11 11 11 
11 11 11 11 11 11 
11 11 11 11 11 11 
11 11 11 11 11 11 
11 11 11 11 11 11 
11 11 11 11 11 11 
11 11 11 11 11 11 
11 11 11 11 11 11 
11 11 11 11 11 11 
11 11 11 11 11 11 
11 11 11 11 11 11 
11 11 11 11 11 11 
11 11 11 11 11 11 
11 11 11 11 11 11 
11 11 11 11 11 11 
11 11 11 11 11 11 
11 11 11 11 11 11 
11 11 11 11 11 11 
11 11 11 11 11 11 
11 11 11 11 11 11 
11 11 11 11 11 11 
11 11 11 11 11 11 
11 11 11 11 11 11 
11 11 11 11 11 11 
11 11 11 11 11 11 
11 11 11 11 11 11 
11 11 11 11 11 11 
11 11 11 11 11 11 
11 11 11 11 11 11 
11 11 11 11 11 11 
11 11 11 11 11 11 
11 11 11 11 11 11 
11 11 11 11 11 11 
11 11 11 11 11 11 
11 11 11 11 11 11 
11 11 11 11 11 11 
11 11 11 11 11 11 
11 11 11 11 11 11 
11 11 11 11 11 11 
11 11 11 11 11 11 
11 11 11 11 11 11 
11 11 11 11 11 11 
11 11 11 11 11 11 
11 11 11 11 11 11 
11 11 11 11 11 11 
11 11 11 11 11 11 
11 11 11 11 11 11 
11 11 11 11 11 11 
11 11 11 11 11 11 
11 11 11 11 11 11 
11 11 11 11 11 11 
11 11 11 11 11 11 
11 11 11 11 11 11 
11 11 11 11 11 11 
11 11 11 11 11 11 
11 11 11 11 11 11 
11 11 11 11 11 11 
11 11 11 11 11 11 
11 11 11 11 11 11 
11 11 11 11 11 11 
11 11 11 11 11 11 
11 11 11 11 11 11 
11 11 11 11 11 11 
11 11 11 11 11 11 
11 11 11 11 11 11 
11 11 11 11 11 11 
11 11 11 11 11 11 
11 11 11 11 11 11 
11 11 11 11 11 11 
11 11 11 11 11 11 
11 11 11 11 11 11 
11 11 11 11 11 11 
11 11 11 11 11 11 
11 11 11 11 11 11 
11 11 11 11 11 11 
11 11 11 11 11 11 
11 11 11 11 11 11 
11 11 11 11 11 11 
11 11 11 11 11 11 
11 11 11 11 11 11 
11 11 11 11 11 11 
11 11 11 11 11 11 
11 11 11 11 11 11 
11 11 11 11 11 11 
11 11 11 11 11 11 
11 11 11 11 11 11 
11 11 11 11 11 11 
11 11 11 11 11 11 
11 11 11 11 11 11 
11 11 11 11 11 11 
11 11 11 11 11 11 
11 11 11 11 11 11 
11 11 11 11 11 11 
11 11 11 11 11 11 
11 11 11 11 11 11 
11 11 11 11 11 11 
11 11 11 11 11 11 
11 11 11 11 11 11 
11 11 11 11 11 11 
11 11 11 11 11 11 
11 11 11 11 11 11 
11 11 11 11 11 11 
11 11 11 11 11 11 
11 11 11 11 11 11 
11 11 11 11 11 11 
11 11 11 11 11 11 
11 11 11 11 11 11 
11 11 11 11 11 11 
11 11 11 11 11 11 
11 11 11 11 11 11 
11 11 11 11 11 11 
11 11 11 11 11 11 
11 11 11 11 11 11 
11 11 11 11 11 11 
11 11 11 11 11 11 
11 11 11 11 11 11 
11 11 11 11 11 11 
11 11 11 11 11 11 
11 11 11 11 11 11 
11 11 11 11 11 11 
11 11 11 11 11 11 
11 11 11 11 11 11 
11 11 11 11 11 11 
11 11 11 11 11 11 
11 11 11 11 11 11 
11 11 11 11 11 11 
11 11 11 11 11 11 
11 11 11 11 11 11 
11 11 11 11 11 11 
11 11 11 11 11 11 
11 11 11 11 11 11 
11 11 11 11 11 11 
11 11 11 11 11 11 
11 11 11 11 11 11 
11 11 11 11 11 11 
11 11 11 11 11 11 
11 11 11 11 11 11 
11 11 11 11 11 11 
11 11 11 11 11 11 
11 11 11 11 11 11 
11 11 11 11 11 11 
11 11 11 11 11 11 
11 11 11 11 11 11 
11 11 11 11 11 11 
11 11 11 11 11 11 
11 11 11 11 11 11 
11 11 11 11 11 11 
11 11 11 11 11 11 
11 11 11 11 11 11 
11 11 11 11 11 11 
11 11 11 11 11 11 
11 11 11 11 11 11 
11 11 11 11 11 11 
11 11 11 11 11 11 
11 11 11 11 11 11 
11 11 11 11 11 11 
11 11 11 11 11 11 
11 11 11 11 11 11 
11 11 11 11 11 11 
11 11 11 11 11 11 
11 11 11 11 11 11 
11 11 11 11 11 11 
11 11 11 11 11 11 
11 11 11 11 11 11 
11 11 11 11 11 11 
11 11 11 11 11 11 
11 11 11 11 11 11 
11 11 11 11 11 11 
11 11 11 11 11 11 
11 11 11 11 11 11 
11 11 11 11 11 11 
11 11 11 11 11 11 
11 11 11 11 11 11 
11 11 11 11 11 11 
11 11 11 11 11 11 
11 11 11 11 11 11 
11 11 11 11 11 11 
11 11 11 11 11 11 
11 11 11 11 11 11 
11 11 11 11 11 11 
11 11 11 11 11 11 
11 11 11 11 11 11 
11 11 11 11 11 11 
11 11 11 11 11 11 
11 11 11 11 11 11 
11 11 11 11 11 11 
11 11 11 11 11 11 
att
1 0 0 0 0 0 
0 1 1 0 0 0 
1 1 1 0 0 0 
0 1 0 0 0 0 
0 0 1 0 0 0 
1 0 1 0 0 0 
1 1 0 0 0 0 
0 0 0 1 1 1 
0 0 0 1 1 1 
0 0 0 1 1 1 
0 0 0 1 1 0 
0 0 0 1 0 1 
0 0 0 0 1 1 
0 0 0 0 1 1 
0 0 0 0 1 1 
0 0 0 1 1 1 
0 0 0 1 1 0 
0 0 0 1 0 1 
0 0 0 1 1 1 
0 0 0 1 0 1 
