nbServi = 6 ;
nbVehi = 20 ;
nbCust = 70 ;
nbSynch = 30 ;
e
0 229 76 268 55 119 177 233 216 73 253 86 166 346 418 335 98 251 368 239 324 391 46 146 412 161 294 102 308 393 217 366 210 186 52 50 26 323 315 135 431 352 2 150 410 404 251 44 227 5 73 478 28 468 19 438 126 440 212 62 458 246 303 136 50 479 63 119 112 390 269 78 308 60 475 179 219 266 349 96 282 42 103 198 218 259 385 158 286 31 216 141 448 458 430 146 217 73 145 112 191 
l
600 349 196 388 175 239 297 353 336 193 373 206 286 466 538 455 218 371 488 359 444 511 166 266 532 281 414 222 428 513 337 486 330 306 172 170 146 443 435 255 551 472 122 270 530 524 371 164 347 125 193 598 148 588 139 558 246 560 332 182 578 366 423 256 170 599 183 239 232 510 389 198 428 180 595 299 339 386 469 216 402 162 223 318 338 379 505 278 406 151 336 261 568 578 550 266 337 193 265 232 311 
cx
89 48 59 73 13 46 26 95 11 39 91 6 1 62 93 26 66 50 3 15 52 10 4 84 5 98 48 18 60 42 46 76 99 59 70 38 0 39 46 76 42 78 79 98 71 21 78 46 53 72 25 35 47 85 77 66 23 39 47 89 98 58 13 26 69 71 59 21 19 42 8 87 2 98 36 8 49 4 30 5 41 42 81 14 26 63 0 47 16 49 51 82 12 94 73 6 78 80 82 99 0 
cy
48 15 39 12 14 35 15 23 33 1 8 9 19 22 2 16 33 31 15 43 35 27 39 1 23 49 2 2 48 40 43 24 44 20 25 8 6 34 10 15 47 41 26 17 11 35 46 11 33 0 8 13 33 5 15 15 20 45 36 4 15 0 17 8 9 35 20 29 45 40 19 19 38 3 31 36 33 0 26 25 16 33 31 16 37 8 34 28 14 15 17 22 3 27 38 30 45 46 22 45 0 
s
1 1 1 1 1 1 
0 1 0 0 0 0 
0 0 0 0 1 0 
0 0 0 0 1 0 
0 1 0 0 0 0 
0 0 0 0 0 1 
0 0 0 1 0 0 
0 0 0 0 0 1 
1 0 0 0 0 0 
0 1 0 0 0 0 
0 1 0 0 0 0 
0 0 1 0 0 0 
0 0 0 0 1 0 
0 0 0 0 1 0 
0 0 0 0 1 0 
0 0 0 0 0 1 
0 0 1 0 0 0 
0 0 0 0 0 1 
0 0 1 0 0 0 
0 0 0 0 0 1 
1 0 0 0 0 0 
0 1 0 0 0 0 
0 0 0 0 1 0 
0 0 1 0 0 0 
0 0 0 0 1 0 
0 0 0 0 0 1 
1 0 0 0 0 0 
1 0 0 0 0 0 
0 0 1 0 0 0 
0 0 0 1 0 0 
0 1 0 0 0 0 
1 0 0 0 0 0 
1 0 0 0 0 0 
1 0 0 0 0 0 
0 0 0 0 1 0 
0 0 1 0 0 0 
0 0 1 0 0 0 
0 0 0 0 0 1 
0 0 0 1 0 0 
0 0 0 1 0 0 
0 0 0 0 0 1 
0 0 0 0 1 0 
0 0 1 0 0 0 
1 0 0 0 0 0 
0 0 1 0 0 0 
0 0 1 0 0 0 
0 0 0 0 0 1 
0 0 1 0 0 0 
0 0 0 0 0 1 
0 0 0 0 0 1 
0 1 0 0 0 0 
0 0 0 0 1 0 
0 0 0 0 1 0 
1 0 0 0 0 0 
0 1 0 0 0 0 
1 0 0 0 0 0 
1 0 0 0 0 0 
0 0 1 0 0 0 
0 0 1 0 0 0 
0 0 1 0 0 0 
0 0 1 0 0 0 
1 0 0 0 0 0 
0 0 0 1 0 0 
0 0 0 0 1 0 
0 0 1 0 0 0 
0 0 0 0 0 1 
0 0 0 1 0 0 
0 0 0 0 0 1 
0 0 0 0 1 0 
1 0 0 0 0 0 
0 0 0 0 0 1 
0 0 0 1 0 1 
0 0 0 1 1 0 
0 0 0 1 0 1 
0 0 0 0 1 1 
0 0 0 1 1 0 
0 0 0 1 0 1 
0 0 0 0 1 1 
0 0 0 1 1 0 
0 0 0 1 1 0 
0 0 0 0 1 1 
0 0 0 0 1 1 
0 0 0 0 1 1 
0 0 0 1 1 0 
0 0 0 0 1 1 
0 0 0 1 1 0 
0 0 1 0 0 1 
1 0 0 1 0 0 
0 0 1 0 0 1 
1 0 0 0 1 0 
1 0 0 0 0 1 
0 1 0 1 0 0 
1 0 0 0 1 0 
0 1 0 0 1 0 
1 0 0 0 0 1 
0 1 0 0 0 1 
0 0 1 0 0 1 
0 0 1 0 1 0 
0 0 1 1 0 0 
1 0 0 0 1 0 
0 1 0 1 0 0 
delta
48 96 
52 104 
38 76 
25 50 
42 84 
18 36 
6 12 
15 30 
12 24 
19 38 
33 66 
30 60 
5 10 
6 12 
59 118 
49 98 
15 30 
38 76 
23 46 
33 66 
17 34 
60 120 
20 40 
37 74 
56 112 
56 112 
16 32 
45 90 
40 80 
11 22 
19 38 
51 102 
34 68 
23 46 
11 22 
11 22 
2 4 
53 106 
37 74 
32 64 
59 118 
13 26 
56 112 
2 4 
37 74 
34 68 
25 50 
42 84 
28 56 
42 84 
10 20 
11 22 
52 104 
31 62 
8 16 
52 104 
29 58 
20 40 
45 90 
28 56 
8 16 
24 48 
43 86 
60 120 
3 6 
29 58 
45 90 
39 78 
40 80 
29 58 
43 86 
0 0 
0 0 
0 0 
0 0 
0 0 
0 0 
0 0 
0 0 
0 0 
0 0 
0 0 
0 0 
0 0 
0 0 
0 0 
49 98 
15 30 
54 108 
40 80 
8 16 
51 102 
58 116 
19 38 
9 18 
40 80 
26 52 
2 4 
12 24 
2 4 
45 90 
p
0 0 0 0 0 0 
0 0 0 0 0 0 
0 0 0 0 0 0 
0 0 0 0 0 0 
0 0 0 0 0 0 
0 0 0 0 0 0 
0 0 0 0 0 0 
0 0 0 0 0 0 
0 0 0 0 0 0 
0 0 0 0 0 0 
0 0 0 0 0 0 
0 0 0 0 0 0 
0 0 0 0 0 0 
0 0 0 0 0 0 
0 0 0 0 0 0 
0 0 0 0 0 0 
0 0 0 0 0 0 
0 0 0 0 0 0 
0 0 0 0 0 0 
0 0 0 0 0 0 
17 17 17 17 17 17 
17 17 17 17 17 17 
17 17 17 17 17 17 
17 17 17 17 17 17 
17 17 17 17 17 17 
17 17 17 17 17 17 
17 17 17 17 17 17 
17 17 17 17 17 17 
17 17 17 17 17 17 
17 17 17 17 17 17 
17 17 17 17 17 17 
17 17 17 17 17 17 
17 17 17 17 17 17 
17 17 17 17 17 17 
17 17 17 17 17 17 
17 17 17 17 17 17 
17 17 17 17 17 17 
17 17 17 17 17 17 
17 17 17 17 17 17 
17 17 17 17 17 17 
17 17 17 17 17 17 
17 17 17 17 17 17 
17 17 17 17 17 17 
17 17 17 17 17 17 
17 17 17 17 17 17 
17 17 17 17 17 17 
17 17 17 17 17 17 
17 17 17 17 17 17 
17 17 17 17 17 17 
17 17 17 17 17 17 
17 17 17 17 17 17 
17 17 17 17 17 17 
17 17 17 17 17 17 
17 17 17 17 17 17 
17 17 17 17 17 17 
17 17 17 17 17 17 
17 17 17 17 17 17 
17 17 17 17 17 17 
17 17 17 17 17 17 
17 17 17 17 17 17 
17 17 17 17 17 17 
17 17 17 17 17 17 
17 17 17 17 17 17 
17 17 17 17 17 17 
17 17 17 17 17 17 
17 17 17 17 17 17 
17 17 17 17 17 17 
17 17 17 17 17 17 
17 17 17 17 17 17 
17 17 17 17 17 17 
17 17 17 17 17 17 
17 17 17 17 17 17 
17 17 17 17 17 17 
17 17 17 17 17 17 
17 17 17 17 17 17 
17 17 17 17 17 17 
17 17 17 17 17 17 
17 17 17 17 17 17 
17 17 17 17 17 17 
17 17 17 17 17 17 
17 17 17 17 17 17 
17 17 17 17 17 17 
17 17 17 17 17 17 
17 17 17 17 17 17 
17 17 17 17 17 17 
17 17 17 17 17 17 
17 17 17 17 17 17 
17 17 17 17 17 17 
17 17 17 17 17 17 
17 17 17 17 17 17 
17 17 17 17 17 17 
17 17 17 17 17 17 
17 17 17 17 17 17 
17 17 17 17 17 17 
17 17 17 17 17 17 
17 17 17 17 17 17 
17 17 17 17 17 17 
17 17 17 17 17 17 
17 17 17 17 17 17 
17 17 17 17 17 17 
17 17 17 17 17 17 
17 17 17 17 17 17 
17 17 17 17 17 17 
17 17 17 17 17 17 
17 17 17 17 17 17 
17 17 17 17 17 17 
17 17 17 17 17 17 
17 17 17 17 17 17 
17 17 17 17 17 17 
17 17 17 17 17 17 
17 17 17 17 17 17 
17 17 17 17 17 17 
17 17 17 17 17 17 
17 17 17 17 17 17 
17 17 17 17 17 17 
17 17 17 17 17 17 
17 17 17 17 17 17 
17 17 17 17 17 17 
17 17 17 17 17 17 
17 17 17 17 17 17 
17 17 17 17 17 17 
17 17 17 17 17 17 
17 17 17 17 17 17 
17 17 17 17 17 17 
17 17 17 17 17 17 
17 17 17 17 17 17 
17 17 17 17 17 17 
17 17 17 17 17 17 
17 17 17 17 17 17 
17 17 17 17 17 17 
17 17 17 17 17 17 
17 17 17 17 17 17 
17 17 17 17 17 17 
17 17 17 17 17 17 
17 17 17 17 17 17 
17 17 17 17 17 17 
17 17 17 17 17 17 
17 17 17 17 17 17 
17 17 17 17 17 17 
17 17 17 17 17 17 
17 17 17 17 17 17 
17 17 17 17 17 17 
17 17 17 17 17 17 
17 17 17 17 17 17 
17 17 17 17 17 17 
17 17 17 17 17 17 
17 17 17 17 17 17 
17 17 17 17 17 17 
17 17 17 17 17 17 
17 17 17 17 17 17 
17 17 17 17 17 17 
17 17 17 17 17 17 
17 17 17 17 17 17 
17 17 17 17 17 17 
17 17 17 17 17 17 
17 17 17 17 17 17 
17 17 17 17 17 17 
17 17 17 17 17 17 
17 17 17 17 17 17 
17 17 17 17 17 17 
17 17 17 17 17 17 
17 17 17 17 17 17 
17 17 17 17 17 17 
17 17 17 17 17 17 
17 17 17 17 17 17 
17 17 17 17 17 17 
17 17 17 17 17 17 
17 17 17 17 17 17 
17 17 17 17 17 17 
17 17 17 17 17 17 
17 17 17 17 17 17 
17 17 17 17 17 17 
17 17 17 17 17 17 
17 17 17 17 17 17 
17 17 17 17 17 17 
17 17 17 17 17 17 
17 17 17 17 17 17 
17 17 17 17 17 17 
17 17 17 17 17 17 
17 17 17 17 17 17 
17 17 17 17 17 17 
17 17 17 17 17 17 
17 17 17 17 17 17 
17 17 17 17 17 17 
17 17 17 17 17 17 
17 17 17 17 17 17 
17 17 17 17 17 17 
17 17 17 17 17 17 
17 17 17 17 17 17 
17 17 17 17 17 17 
17 17 17 17 17 17 
17 17 17 17 17 17 
17 17 17 17 17 17 
17 17 17 17 17 17 
17 17 17 17 17 17 
17 17 17 17 17 17 
17 17 17 17 17 17 
17 17 17 17 17 17 
17 17 17 17 17 17 
17 17 17 17 17 17 
17 17 17 17 17 17 
17 17 17 17 17 17 
17 17 17 17 17 17 
17 17 17 17 17 17 
17 17 17 17 17 17 
17 17 17 17 17 17 
17 17 17 17 17 17 
17 17 17 17 17 17 
17 17 17 17 17 17 
17 17 17 17 17 17 
17 17 17 17 17 17 
17 17 17 17 17 17 
17 17 17 17 17 17 
17 17 17 17 17 17 
17 17 17 17 17 17 
17 17 17 17 17 17 
17 17 17 17 17 17 
17 17 17 17 17 17 
17 17 17 17 17 17 
17 17 17 17 17 17 
17 17 17 17 17 17 
17 17 17 17 17 17 
17 17 17 17 17 17 
17 17 17 17 17 17 
17 17 17 17 17 17 
17 17 17 17 17 17 
17 17 17 17 17 17 
17 17 17 17 17 17 
17 17 17 17 17 17 
17 17 17 17 17 17 
17 17 17 17 17 17 
17 17 17 17 17 17 
17 17 17 17 17 17 
17 17 17 17 17 17 
17 17 17 17 17 17 
17 17 17 17 17 17 
17 17 17 17 17 17 
17 17 17 17 17 17 
17 17 17 17 17 17 
17 17 17 17 17 17 
17 17 17 17 17 17 
17 17 17 17 17 17 
17 17 17 17 17 17 
17 17 17 17 17 17 
17 17 17 17 17 17 
17 17 17 17 17 17 
17 17 17 17 17 17 
17 17 17 17 17 17 
17 17 17 17 17 17 
17 17 17 17 17 17 
17 17 17 17 17 17 
17 17 17 17 17 17 
17 17 17 17 17 17 
17 17 17 17 17 17 
17 17 17 17 17 17 
17 17 17 17 17 17 
17 17 17 17 17 17 
17 17 17 17 17 17 
17 17 17 17 17 17 
17 17 17 17 17 17 
17 17 17 17 17 17 
17 17 17 17 17 17 
17 17 17 17 17 17 
17 17 17 17 17 17 
17 17 17 17 17 17 
17 17 17 17 17 17 
17 17 17 17 17 17 
17 17 17 17 17 17 
17 17 17 17 17 17 
17 17 17 17 17 17 
17 17 17 17 17 17 
17 17 17 17 17 17 
17 17 17 17 17 17 
17 17 17 17 17 17 
17 17 17 17 17 17 
17 17 17 17 17 17 
17 17 17 17 17 17 
17 17 17 17 17 17 
17 17 17 17 17 17 
17 17 17 17 17 17 
17 17 17 17 17 17 
17 17 17 17 17 17 
17 17 17 17 17 17 
17 17 17 17 17 17 
17 17 17 17 17 17 
17 17 17 17 17 17 
17 17 17 17 17 17 
17 17 17 17 17 17 
17 17 17 17 17 17 
17 17 17 17 17 17 
17 17 17 17 17 17 
17 17 17 17 17 17 
17 17 17 17 17 17 
17 17 17 17 17 17 
17 17 17 17 17 17 
17 17 17 17 17 17 
17 17 17 17 17 17 
17 17 17 17 17 17 
17 17 17 17 17 17 
17 17 17 17 17 17 
17 17 17 17 17 17 
17 17 17 17 17 17 
17 17 17 17 17 17 
17 17 17 17 17 17 
17 17 17 17 17 17 
17 17 17 17 17 17 
17 17 17 17 17 17 
17 17 17 17 17 17 
17 17 17 17 17 17 
17 17 17 17 17 17 
17 17 17 17 17 17 
17 17 17 17 17 17 
17 17 17 17 17 17 
17 17 17 17 17 17 
17 17 17 17 17 17 
17 17 17 17 17 17 
17 17 17 17 17 17 
17 17 17 17 17 17 
17 17 17 17 17 17 
17 17 17 17 17 17 
17 17 17 17 17 17 
17 17 17 17 17 17 
17 17 17 17 17 17 
17 17 17 17 17 17 
17 17 17 17 17 17 
17 17 17 17 17 17 
17 17 17 17 17 17 
17 17 17 17 17 17 
17 17 17 17 17 17 
17 17 17 17 17 17 
17 17 17 17 17 17 
17 17 17 17 17 17 
17 17 17 17 17 17 
17 17 17 17 17 17 
17 17 17 17 17 17 
17 17 17 17 17 17 
17 17 17 17 17 17 
17 17 17 17 17 17 
17 17 17 17 17 17 
17 17 17 17 17 17 
17 17 17 17 17 17 
17 17 17 17 17 17 
17 17 17 17 17 17 
17 17 17 17 17 17 
17 17 17 17 17 17 
17 17 17 17 17 17 
17 17 17 17 17 17 
17 17 17 17 17 17 
17 17 17 17 17 17 
17 17 17 17 17 17 
17 17 17 17 17 17 
17 17 17 17 17 17 
17 17 17 17 17 17 
17 17 17 17 17 17 
17 17 17 17 17 17 
17 17 17 17 17 17 
17 17 17 17 17 17 
17 17 17 17 17 17 
17 17 17 17 17 17 
17 17 17 17 17 17 
17 17 17 17 17 17 
17 17 17 17 17 17 
17 17 17 17 17 17 
17 17 17 17 17 17 
17 17 17 17 17 17 
17 17 17 17 17 17 
17 17 17 17 17 17 
17 17 17 17 17 17 
17 17 17 17 17 17 
17 17 17 17 17 17 
17 17 17 17 17 17 
17 17 17 17 17 17 
17 17 17 17 17 17 
17 17 17 17 17 17 
17 17 17 17 17 17 
17 17 17 17 17 17 
17 17 17 17 17 17 
17 17 17 17 17 17 
17 17 17 17 17 17 
17 17 17 17 17 17 
17 17 17 17 17 17 
17 17 17 17 17 17 
17 17 17 17 17 17 
17 17 17 17 17 17 
17 17 17 17 17 17 
17 17 17 17 17 17 
17 17 17 17 17 17 
17 17 17 17 17 17 
17 17 17 17 17 17 
17 17 17 17 17 17 
17 17 17 17 17 17 
17 17 17 17 17 17 
17 17 17 17 17 17 
17 17 17 17 17 17 
17 17 17 17 17 17 
17 17 17 17 17 17 
17 17 17 17 17 17 
17 17 17 17 17 17 
17 17 17 17 17 17 
17 17 17 17 17 17 
17 17 17 17 17 17 
17 17 17 17 17 17 
17 17 17 17 17 17 
17 17 17 17 17 17 
17 17 17 17 17 17 
17 17 17 17 17 17 
17 17 17 17 17 17 
17 17 17 17 17 17 
17 17 17 17 17 17 
17 17 17 17 17 17 
17 17 17 17 17 17 
17 17 17 17 17 17 
17 17 17 17 17 17 
17 17 17 17 17 17 
17 17 17 17 17 17 
17 17 17 17 17 17 
17 17 17 17 17 17 
17 17 17 17 17 17 
17 17 17 17 17 17 
17 17 17 17 17 17 
17 17 17 17 17 17 
17 17 17 17 17 17 
17 17 17 17 17 17 
17 17 17 17 17 17 
17 17 17 17 17 17 
17 17 17 17 17 17 
17 17 17 17 17 17 
17 17 17 17 17 17 
17 17 17 17 17 17 
17 17 17 17 17 17 
17 17 17 17 17 17 
17 17 17 17 17 17 
17 17 17 17 17 17 
17 17 17 17 17 17 
17 17 17 17 17 17 
17 17 17 17 17 17 
17 17 17 17 17 17 
17 17 17 17 17 17 
17 17 17 17 17 17 
17 17 17 17 17 17 
17 17 17 17 17 17 
17 17 17 17 17 17 
17 17 17 17 17 17 
17 17 17 17 17 17 
17 17 17 17 17 17 
17 17 17 17 17 17 
17 17 17 17 17 17 
17 17 17 17 17 17 
17 17 17 17 17 17 
17 17 17 17 17 17 
17 17 17 17 17 17 
17 17 17 17 17 17 
17 17 17 17 17 17 
17 17 17 17 17 17 
17 17 17 17 17 17 
17 17 17 17 17 17 
17 17 17 17 17 17 
17 17 17 17 17 17 
17 17 17 17 17 17 
17 17 17 17 17 17 
17 17 17 17 17 17 
17 17 17 17 17 17 
17 17 17 17 17 17 
17 17 17 17 17 17 
17 17 17 17 17 17 
17 17 17 17 17 17 
17 17 17 17 17 17 
17 17 17 17 17 17 
17 17 17 17 17 17 
17 17 17 17 17 17 
17 17 17 17 17 17 
17 17 17 17 17 17 
17 17 17 17 17 17 
17 17 17 17 17 17 
17 17 17 17 17 17 
17 17 17 17 17 17 
17 17 17 17 17 17 
17 17 17 17 17 17 
17 17 17 17 17 17 
17 17 17 17 17 17 
17 17 17 17 17 17 
17 17 17 17 17 17 
17 17 17 17 17 17 
17 17 17 17 17 17 
17 17 17 17 17 17 
17 17 17 17 17 17 
17 17 17 17 17 17 
17 17 17 17 17 17 
17 17 17 17 17 17 
17 17 17 17 17 17 
17 17 17 17 17 17 
17 17 17 17 17 17 
17 17 17 17 17 17 
17 17 17 17 17 17 
17 17 17 17 17 17 
17 17 17 17 17 17 
17 17 17 17 17 17 
17 17 17 17 17 17 
17 17 17 17 17 17 
17 17 17 17 17 17 
17 17 17 17 17 17 
17 17 17 17 17 17 
17 17 17 17 17 17 
17 17 17 17 17 17 
17 17 17 17 17 17 
17 17 17 17 17 17 
17 17 17 17 17 17 
17 17 17 17 17 17 
17 17 17 17 17 17 
17 17 17 17 17 17 
17 17 17 17 17 17 
17 17 17 17 17 17 
17 17 17 17 17 17 
17 17 17 17 17 17 
17 17 17 17 17 17 
17 17 17 17 17 17 
17 17 17 17 17 17 
17 17 17 17 17 17 
17 17 17 17 17 17 
17 17 17 17 17 17 
17 17 17 17 17 17 
17 17 17 17 17 17 
17 17 17 17 17 17 
17 17 17 17 17 17 
17 17 17 17 17 17 
17 17 17 17 17 17 
17 17 17 17 17 17 
17 17 17 17 17 17 
17 17 17 17 17 17 
17 17 17 17 17 17 
17 17 17 17 17 17 
17 17 17 17 17 17 
17 17 17 17 17 17 
17 17 17 17 17 17 
17 17 17 17 17 17 
17 17 17 17 17 17 
17 17 17 17 17 17 
17 17 17 17 17 17 
17 17 17 17 17 17 
17 17 17 17 17 17 
17 17 17 17 17 17 
17 17 17 17 17 17 
17 17 17 17 17 17 
17 17 17 17 17 17 
17 17 17 17 17 17 
17 17 17 17 17 17 
17 17 17 17 17 17 
17 17 17 17 17 17 
17 17 17 17 17 17 
17 17 17 17 17 17 
17 17 17 17 17 17 
17 17 17 17 17 17 
17 17 17 17 17 17 
17 17 17 17 17 17 
17 17 17 17 17 17 
17 17 17 17 17 17 
17 17 17 17 17 17 
17 17 17 17 17 17 
17 17 17 17 17 17 
17 17 17 17 17 17 
17 17 17 17 17 17 
17 17 17 17 17 17 
17 17 17 17 17 17 
17 17 17 17 17 17 
17 17 17 17 17 17 
17 17 17 17 17 17 
17 17 17 17 17 17 
17 17 17 17 17 17 
17 17 17 17 17 17 
17 17 17 17 17 17 
17 17 17 17 17 17 
17 17 17 17 17 17 
17 17 17 17 17 17 
17 17 17 17 17 17 
17 17 17 17 17 17 
17 17 17 17 17 17 
17 17 17 17 17 17 
17 17 17 17 17 17 
17 17 17 17 17 17 
17 17 17 17 17 17 
17 17 17 17 17 17 
17 17 17 17 17 17 
17 17 17 17 17 17 
17 17 17 17 17 17 
17 17 17 17 17 17 
17 17 17 17 17 17 
17 17 17 17 17 17 
17 17 17 17 17 17 
17 17 17 17 17 17 
17 17 17 17 17 17 
17 17 17 17 17 17 
17 17 17 17 17 17 
17 17 17 17 17 17 
17 17 17 17 17 17 
17 17 17 17 17 17 
17 17 17 17 17 17 
17 17 17 17 17 17 
17 17 17 17 17 17 
17 17 17 17 17 17 
17 17 17 17 17 17 
17 17 17 17 17 17 
17 17 17 17 17 17 
17 17 17 17 17 17 
17 17 17 17 17 17 
17 17 17 17 17 17 
17 17 17 17 17 17 
17 17 17 17 17 17 
17 17 17 17 17 17 
17 17 17 17 17 17 
17 17 17 17 17 17 
17 17 17 17 17 17 
17 17 17 17 17 17 
17 17 17 17 17 17 
17 17 17 17 17 17 
17 17 17 17 17 17 
17 17 17 17 17 17 
17 17 17 17 17 17 
17 17 17 17 17 17 
17 17 17 17 17 17 
17 17 17 17 17 17 
17 17 17 17 17 17 
17 17 17 17 17 17 
17 17 17 17 17 17 
17 17 17 17 17 17 
17 17 17 17 17 17 
17 17 17 17 17 17 
17 17 17 17 17 17 
17 17 17 17 17 17 
17 17 17 17 17 17 
17 17 17 17 17 17 
17 17 17 17 17 17 
17 17 17 17 17 17 
17 17 17 17 17 17 
17 17 17 17 17 17 
17 17 17 17 17 17 
17 17 17 17 17 17 
17 17 17 17 17 17 
17 17 17 17 17 17 
17 17 17 17 17 17 
17 17 17 17 17 17 
17 17 17 17 17 17 
17 17 17 17 17 17 
17 17 17 17 17 17 
17 17 17 17 17 17 
17 17 17 17 17 17 
17 17 17 17 17 17 
17 17 17 17 17 17 
17 17 17 17 17 17 
17 17 17 17 17 17 
17 17 17 17 17 17 
17 17 17 17 17 17 
17 17 17 17 17 17 
17 17 17 17 17 17 
17 17 17 17 17 17 
17 17 17 17 17 17 
17 17 17 17 17 17 
17 17 17 17 17 17 
17 17 17 17 17 17 
17 17 17 17 17 17 
17 17 17 17 17 17 
17 17 17 17 17 17 
17 17 17 17 17 17 
17 17 17 17 17 17 
17 17 17 17 17 17 
17 17 17 17 17 17 
17 17 17 17 17 17 
17 17 17 17 17 17 
17 17 17 17 17 17 
17 17 17 17 17 17 
17 17 17 17 17 17 
17 17 17 17 17 17 
17 17 17 17 17 17 
17 17 17 17 17 17 
17 17 17 17 17 17 
17 17 17 17 17 17 
17 17 17 17 17 17 
17 17 17 17 17 17 
17 17 17 17 17 17 
17 17 17 17 17 17 
17 17 17 17 17 17 
17 17 17 17 17 17 
17 17 17 17 17 17 
17 17 17 17 17 17 
17 17 17 17 17 17 
17 17 17 17 17 17 
17 17 17 17 17 17 
17 17 17 17 17 17 
17 17 17 17 17 17 
17 17 17 17 17 17 
17 17 17 17 17 17 
17 17 17 17 17 17 
17 17 17 17 17 17 
17 17 17 17 17 17 
17 17 17 17 17 17 
17 17 17 17 17 17 
17 17 17 17 17 17 
17 17 17 17 17 17 
17 17 17 17 17 17 
17 17 17 17 17 17 
17 17 17 17 17 17 
17 17 17 17 17 17 
17 17 17 17 17 17 
17 17 17 17 17 17 
17 17 17 17 17 17 
17 17 17 17 17 17 
17 17 17 17 17 17 
17 17 17 17 17 17 
17 17 17 17 17 17 
17 17 17 17 17 17 
17 17 17 17 17 17 
17 17 17 17 17 17 
17 17 17 17 17 17 
17 17 17 17 17 17 
17 17 17 17 17 17 
17 17 17 17 17 17 
17 17 17 17 17 17 
17 17 17 17 17 17 
17 17 17 17 17 17 
17 17 17 17 17 17 
17 17 17 17 17 17 
17 17 17 17 17 17 
17 17 17 17 17 17 
17 17 17 17 17 17 
17 17 17 17 17 17 
17 17 17 17 17 17 
17 17 17 17 17 17 
17 17 17 17 17 17 
17 17 17 17 17 17 
17 17 17 17 17 17 
17 17 17 17 17 17 
17 17 17 17 17 17 
17 17 17 17 17 17 
17 17 17 17 17 17 
17 17 17 17 17 17 
17 17 17 17 17 17 
17 17 17 17 17 17 
17 17 17 17 17 17 
17 17 17 17 17 17 
17 17 17 17 17 17 
17 17 17 17 17 17 
17 17 17 17 17 17 
17 17 17 17 17 17 
17 17 17 17 17 17 
17 17 17 17 17 17 
17 17 17 17 17 17 
17 17 17 17 17 17 
17 17 17 17 17 17 
17 17 17 17 17 17 
17 17 17 17 17 17 
17 17 17 17 17 17 
17 17 17 17 17 17 
17 17 17 17 17 17 
17 17 17 17 17 17 
17 17 17 17 17 17 
17 17 17 17 17 17 
17 17 17 17 17 17 
17 17 17 17 17 17 
17 17 17 17 17 17 
17 17 17 17 17 17 
17 17 17 17 17 17 
17 17 17 17 17 17 
17 17 17 17 17 17 
17 17 17 17 17 17 
17 17 17 17 17 17 
17 17 17 17 17 17 
17 17 17 17 17 17 
17 17 17 17 17 17 
17 17 17 17 17 17 
17 17 17 17 17 17 
17 17 17 17 17 17 
17 17 17 17 17 17 
17 17 17 17 17 17 
17 17 17 17 17 17 
17 17 17 17 17 17 
17 17 17 17 17 17 
17 17 17 17 17 17 
17 17 17 17 17 17 
17 17 17 17 17 17 
17 17 17 17 17 17 
17 17 17 17 17 17 
17 17 17 17 17 17 
17 17 17 17 17 17 
17 17 17 17 17 17 
17 17 17 17 17 17 
17 17 17 17 17 17 
17 17 17 17 17 17 
17 17 17 17 17 17 
17 17 17 17 17 17 
17 17 17 17 17 17 
17 17 17 17 17 17 
17 17 17 17 17 17 
17 17 17 17 17 17 
17 17 17 17 17 17 
17 17 17 17 17 17 
17 17 17 17 17 17 
17 17 17 17 17 17 
17 17 17 17 17 17 
17 17 17 17 17 17 
17 17 17 17 17 17 
17 17 17 17 17 17 
17 17 17 17 17 17 
17 17 17 17 17 17 
17 17 17 17 17 17 
17 17 17 17 17 17 
17 17 17 17 17 17 
17 17 17 17 17 17 
17 17 17 17 17 17 
17 17 17 17 17 17 
17 17 17 17 17 17 
17 17 17 17 17 17 
17 17 17 17 17 17 
17 17 17 17 17 17 
17 17 17 17 17 17 
17 17 17 17 17 17 
17 17 17 17 17 17 
17 17 17 17 17 17 
17 17 17 17 17 17 
17 17 17 17 17 17 
17 17 17 17 17 17 
17 17 17 17 17 17 
17 17 17 17 17 17 
17 17 17 17 17 17 
17 17 17 17 17 17 
17 17 17 17 17 17 
17 17 17 17 17 17 
17 17 17 17 17 17 
17 17 17 17 17 17 
17 17 17 17 17 17 
17 17 17 17 17 17 
17 17 17 17 17 17 
17 17 17 17 17 17 
17 17 17 17 17 17 
17 17 17 17 17 17 
17 17 17 17 17 17 
17 17 17 17 17 17 
17 17 17 17 17 17 
17 17 17 17 17 17 
17 17 17 17 17 17 
17 17 17 17 17 17 
17 17 17 17 17 17 
17 17 17 17 17 17 
17 17 17 17 17 17 
17 17 17 17 17 17 
17 17 17 17 17 17 
17 17 17 17 17 17 
17 17 17 17 17 17 
17 17 17 17 17 17 
17 17 17 17 17 17 
17 17 17 17 17 17 
17 17 17 17 17 17 
17 17 17 17 17 17 
17 17 17 17 17 17 
17 17 17 17 17 17 
17 17 17 17 17 17 
17 17 17 17 17 17 
17 17 17 17 17 17 
17 17 17 17 17 17 
17 17 17 17 17 17 
17 17 17 17 17 17 
17 17 17 17 17 17 
17 17 17 17 17 17 
17 17 17 17 17 17 
17 17 17 17 17 17 
17 17 17 17 17 17 
17 17 17 17 17 17 
17 17 17 17 17 17 
17 17 17 17 17 17 
17 17 17 17 17 17 
17 17 17 17 17 17 
17 17 17 17 17 17 
17 17 17 17 17 17 
17 17 17 17 17 17 
17 17 17 17 17 17 
17 17 17 17 17 17 
17 17 17 17 17 17 
17 17 17 17 17 17 
17 17 17 17 17 17 
17 17 17 17 17 17 
17 17 17 17 17 17 
17 17 17 17 17 17 
17 17 17 17 17 17 
17 17 17 17 17 17 
17 17 17 17 17 17 
17 17 17 17 17 17 
17 17 17 17 17 17 
17 17 17 17 17 17 
17 17 17 17 17 17 
17 17 17 17 17 17 
17 17 17 17 17 17 
17 17 17 17 17 17 
17 17 17 17 17 17 
17 17 17 17 17 17 
17 17 17 17 17 17 
17 17 17 17 17 17 
17 17 17 17 17 17 
17 17 17 17 17 17 
17 17 17 17 17 17 
17 17 17 17 17 17 
17 17 17 17 17 17 
17 17 17 17 17 17 
17 17 17 17 17 17 
17 17 17 17 17 17 
17 17 17 17 17 17 
17 17 17 17 17 17 
17 17 17 17 17 17 
17 17 17 17 17 17 
17 17 17 17 17 17 
17 17 17 17 17 17 
17 17 17 17 17 17 
17 17 17 17 17 17 
17 17 17 17 17 17 
17 17 17 17 17 17 
17 17 17 17 17 17 
17 17 17 17 17 17 
17 17 17 17 17 17 
17 17 17 17 17 17 
17 17 17 17 17 17 
17 17 17 17 17 17 
17 17 17 17 17 17 
17 17 17 17 17 17 
17 17 17 17 17 17 
17 17 17 17 17 17 
17 17 17 17 17 17 
17 17 17 17 17 17 
17 17 17 17 17 17 
17 17 17 17 17 17 
17 17 17 17 17 17 
17 17 17 17 17 17 
17 17 17 17 17 17 
17 17 17 17 17 17 
17 17 17 17 17 17 
17 17 17 17 17 17 
17 17 17 17 17 17 
17 17 17 17 17 17 
17 17 17 17 17 17 
17 17 17 17 17 17 
17 17 17 17 17 17 
17 17 17 17 17 17 
17 17 17 17 17 17 
17 17 17 17 17 17 
17 17 17 17 17 17 
17 17 17 17 17 17 
17 17 17 17 17 17 
17 17 17 17 17 17 
17 17 17 17 17 17 
17 17 17 17 17 17 
17 17 17 17 17 17 
17 17 17 17 17 17 
17 17 17 17 17 17 
17 17 17 17 17 17 
17 17 17 17 17 17 
17 17 17 17 17 17 
17 17 17 17 17 17 
17 17 17 17 17 17 
17 17 17 17 17 17 
17 17 17 17 17 17 
17 17 17 17 17 17 
17 17 17 17 17 17 
17 17 17 17 17 17 
17 17 17 17 17 17 
17 17 17 17 17 17 
17 17 17 17 17 17 
17 17 17 17 17 17 
17 17 17 17 17 17 
17 17 17 17 17 17 
17 17 17 17 17 17 
17 17 17 17 17 17 
17 17 17 17 17 17 
17 17 17 17 17 17 
17 17 17 17 17 17 
17 17 17 17 17 17 
17 17 17 17 17 17 
17 17 17 17 17 17 
17 17 17 17 17 17 
17 17 17 17 17 17 
17 17 17 17 17 17 
17 17 17 17 17 17 
17 17 17 17 17 17 
17 17 17 17 17 17 
17 17 17 17 17 17 
17 17 17 17 17 17 
17 17 17 17 17 17 
17 17 17 17 17 17 
17 17 17 17 17 17 
17 17 17 17 17 17 
17 17 17 17 17 17 
17 17 17 17 17 17 
17 17 17 17 17 17 
17 17 17 17 17 17 
17 17 17 17 17 17 
17 17 17 17 17 17 
17 17 17 17 17 17 
17 17 17 17 17 17 
17 17 17 17 17 17 
17 17 17 17 17 17 
17 17 17 17 17 17 
17 17 17 17 17 17 
17 17 17 17 17 17 
17 17 17 17 17 17 
17 17 17 17 17 17 
17 17 17 17 17 17 
17 17 17 17 17 17 
17 17 17 17 17 17 
17 17 17 17 17 17 
17 17 17 17 17 17 
17 17 17 17 17 17 
17 17 17 17 17 17 
17 17 17 17 17 17 
17 17 17 17 17 17 
17 17 17 17 17 17 
17 17 17 17 17 17 
17 17 17 17 17 17 
17 17 17 17 17 17 
17 17 17 17 17 17 
17 17 17 17 17 17 
17 17 17 17 17 17 
17 17 17 17 17 17 
17 17 17 17 17 17 
17 17 17 17 17 17 
17 17 17 17 17 17 
17 17 17 17 17 17 
17 17 17 17 17 17 
17 17 17 17 17 17 
17 17 17 17 17 17 
17 17 17 17 17 17 
17 17 17 17 17 17 
17 17 17 17 17 17 
17 17 17 17 17 17 
17 17 17 17 17 17 
17 17 17 17 17 17 
17 17 17 17 17 17 
17 17 17 17 17 17 
17 17 17 17 17 17 
17 17 17 17 17 17 
17 17 17 17 17 17 
17 17 17 17 17 17 
17 17 17 17 17 17 
17 17 17 17 17 17 
17 17 17 17 17 17 
17 17 17 17 17 17 
17 17 17 17 17 17 
17 17 17 17 17 17 
17 17 17 17 17 17 
17 17 17 17 17 17 
17 17 17 17 17 17 
17 17 17 17 17 17 
17 17 17 17 17 17 
17 17 17 17 17 17 
17 17 17 17 17 17 
17 17 17 17 17 17 
17 17 17 17 17 17 
17 17 17 17 17 17 
17 17 17 17 17 17 
17 17 17 17 17 17 
17 17 17 17 17 17 
17 17 17 17 17 17 
17 17 17 17 17 17 
17 17 17 17 17 17 
17 17 17 17 17 17 
17 17 17 17 17 17 
17 17 17 17 17 17 
17 17 17 17 17 17 
17 17 17 17 17 17 
17 17 17 17 17 17 
17 17 17 17 17 17 
17 17 17 17 17 17 
17 17 17 17 17 17 
17 17 17 17 17 17 
17 17 17 17 17 17 
17 17 17 17 17 17 
17 17 17 17 17 17 
17 17 17 17 17 17 
17 17 17 17 17 17 
17 17 17 17 17 17 
17 17 17 17 17 17 
17 17 17 17 17 17 
17 17 17 17 17 17 
17 17 17 17 17 17 
17 17 17 17 17 17 
17 17 17 17 17 17 
17 17 17 17 17 17 
17 17 17 17 17 17 
17 17 17 17 17 17 
17 17 17 17 17 17 
17 17 17 17 17 17 
17 17 17 17 17 17 
17 17 17 17 17 17 
17 17 17 17 17 17 
17 17 17 17 17 17 
17 17 17 17 17 17 
17 17 17 17 17 17 
17 17 17 17 17 17 
17 17 17 17 17 17 
17 17 17 17 17 17 
17 17 17 17 17 17 
17 17 17 17 17 17 
17 17 17 17 17 17 
17 17 17 17 17 17 
17 17 17 17 17 17 
17 17 17 17 17 17 
17 17 17 17 17 17 
17 17 17 17 17 17 
17 17 17 17 17 17 
17 17 17 17 17 17 
17 17 17 17 17 17 
17 17 17 17 17 17 
17 17 17 17 17 17 
17 17 17 17 17 17 
17 17 17 17 17 17 
17 17 17 17 17 17 
17 17 17 17 17 17 
17 17 17 17 17 17 
17 17 17 17 17 17 
17 17 17 17 17 17 
17 17 17 17 17 17 
17 17 17 17 17 17 
17 17 17 17 17 17 
17 17 17 17 17 17 
17 17 17 17 17 17 
17 17 17 17 17 17 
17 17 17 17 17 17 
17 17 17 17 17 17 
17 17 17 17 17 17 
17 17 17 17 17 17 
17 17 17 17 17 17 
17 17 17 17 17 17 
17 17 17 17 17 17 
17 17 17 17 17 17 
17 17 17 17 17 17 
17 17 17 17 17 17 
17 17 17 17 17 17 
17 17 17 17 17 17 
17 17 17 17 17 17 
17 17 17 17 17 17 
17 17 17 17 17 17 
17 17 17 17 17 17 
17 17 17 17 17 17 
17 17 17 17 17 17 
17 17 17 17 17 17 
17 17 17 17 17 17 
17 17 17 17 17 17 
17 17 17 17 17 17 
17 17 17 17 17 17 
17 17 17 17 17 17 
17 17 17 17 17 17 
17 17 17 17 17 17 
17 17 17 17 17 17 
17 17 17 17 17 17 
17 17 17 17 17 17 
17 17 17 17 17 17 
17 17 17 17 17 17 
17 17 17 17 17 17 
17 17 17 17 17 17 
17 17 17 17 17 17 
17 17 17 17 17 17 
17 17 17 17 17 17 
17 17 17 17 17 17 
17 17 17 17 17 17 
17 17 17 17 17 17 
17 17 17 17 17 17 
17 17 17 17 17 17 
17 17 17 17 17 17 
17 17 17 17 17 17 
17 17 17 17 17 17 
17 17 17 17 17 17 
17 17 17 17 17 17 
17 17 17 17 17 17 
17 17 17 17 17 17 
17 17 17 17 17 17 
17 17 17 17 17 17 
17 17 17 17 17 17 
17 17 17 17 17 17 
17 17 17 17 17 17 
17 17 17 17 17 17 
17 17 17 17 17 17 
17 17 17 17 17 17 
17 17 17 17 17 17 
17 17 17 17 17 17 
17 17 17 17 17 17 
17 17 17 17 17 17 
17 17 17 17 17 17 
17 17 17 17 17 17 
17 17 17 17 17 17 
17 17 17 17 17 17 
17 17 17 17 17 17 
17 17 17 17 17 17 
17 17 17 17 17 17 
17 17 17 17 17 17 
17 17 17 17 17 17 
17 17 17 17 17 17 
17 17 17 17 17 17 
17 17 17 17 17 17 
17 17 17 17 17 17 
17 17 17 17 17 17 
17 17 17 17 17 17 
17 17 17 17 17 17 
17 17 17 17 17 17 
17 17 17 17 17 17 
17 17 17 17 17 17 
17 17 17 17 17 17 
17 17 17 17 17 17 
17 17 17 17 17 17 
17 17 17 17 17 17 
17 17 17 17 17 17 
17 17 17 17 17 17 
17 17 17 17 17 17 
17 17 17 17 17 17 
17 17 17 17 17 17 
17 17 17 17 17 17 
17 17 17 17 17 17 
17 17 17 17 17 17 
17 17 17 17 17 17 
17 17 17 17 17 17 
17 17 17 17 17 17 
17 17 17 17 17 17 
17 17 17 17 17 17 
17 17 17 17 17 17 
17 17 17 17 17 17 
17 17 17 17 17 17 
17 17 17 17 17 17 
17 17 17 17 17 17 
17 17 17 17 17 17 
17 17 17 17 17 17 
17 17 17 17 17 17 
17 17 17 17 17 17 
17 17 17 17 17 17 
17 17 17 17 17 17 
17 17 17 17 17 17 
17 17 17 17 17 17 
17 17 17 17 17 17 
17 17 17 17 17 17 
17 17 17 17 17 17 
17 17 17 17 17 17 
17 17 17 17 17 17 
17 17 17 17 17 17 
17 17 17 17 17 17 
17 17 17 17 17 17 
17 17 17 17 17 17 
17 17 17 17 17 17 
17 17 17 17 17 17 
17 17 17 17 17 17 
17 17 17 17 17 17 
17 17 17 17 17 17 
17 17 17 17 17 17 
17 17 17 17 17 17 
17 17 17 17 17 17 
17 17 17 17 17 17 
17 17 17 17 17 17 
17 17 17 17 17 17 
17 17 17 17 17 17 
17 17 17 17 17 17 
17 17 17 17 17 17 
17 17 17 17 17 17 
17 17 17 17 17 17 
17 17 17 17 17 17 
17 17 17 17 17 17 
17 17 17 17 17 17 
17 17 17 17 17 17 
17 17 17 17 17 17 
17 17 17 17 17 17 
17 17 17 17 17 17 
17 17 17 17 17 17 
17 17 17 17 17 17 
17 17 17 17 17 17 
17 17 17 17 17 17 
17 17 17 17 17 17 
17 17 17 17 17 17 
17 17 17 17 17 17 
17 17 17 17 17 17 
17 17 17 17 17 17 
17 17 17 17 17 17 
17 17 17 17 17 17 
17 17 17 17 17 17 
17 17 17 17 17 17 
17 17 17 17 17 17 
17 17 17 17 17 17 
17 17 17 17 17 17 
17 17 17 17 17 17 
17 17 17 17 17 17 
17 17 17 17 17 17 
17 17 17 17 17 17 
17 17 17 17 17 17 
17 17 17 17 17 17 
17 17 17 17 17 17 
17 17 17 17 17 17 
17 17 17 17 17 17 
17 17 17 17 17 17 
17 17 17 17 17 17 
17 17 17 17 17 17 
17 17 17 17 17 17 
17 17 17 17 17 17 
17 17 17 17 17 17 
17 17 17 17 17 17 
17 17 17 17 17 17 
17 17 17 17 17 17 
17 17 17 17 17 17 
17 17 17 17 17 17 
17 17 17 17 17 17 
17 17 17 17 17 17 
17 17 17 17 17 17 
17 17 17 17 17 17 
17 17 17 17 17 17 
17 17 17 17 17 17 
17 17 17 17 17 17 
17 17 17 17 17 17 
17 17 17 17 17 17 
17 17 17 17 17 17 
17 17 17 17 17 17 
17 17 17 17 17 17 
17 17 17 17 17 17 
17 17 17 17 17 17 
17 17 17 17 17 17 
17 17 17 17 17 17 
17 17 17 17 17 17 
17 17 17 17 17 17 
17 17 17 17 17 17 
17 17 17 17 17 17 
17 17 17 17 17 17 
17 17 17 17 17 17 
17 17 17 17 17 17 
17 17 17 17 17 17 
17 17 17 17 17 17 
17 17 17 17 17 17 
17 17 17 17 17 17 
17 17 17 17 17 17 
17 17 17 17 17 17 
17 17 17 17 17 17 
17 17 17 17 17 17 
17 17 17 17 17 17 
17 17 17 17 17 17 
17 17 17 17 17 17 
17 17 17 17 17 17 
17 17 17 17 17 17 
17 17 17 17 17 17 
17 17 17 17 17 17 
17 17 17 17 17 17 
17 17 17 17 17 17 
17 17 17 17 17 17 
17 17 17 17 17 17 
17 17 17 17 17 17 
17 17 17 17 17 17 
17 17 17 17 17 17 
17 17 17 17 17 17 
17 17 17 17 17 17 
17 17 17 17 17 17 
17 17 17 17 17 17 
17 17 17 17 17 17 
17 17 17 17 17 17 
17 17 17 17 17 17 
17 17 17 17 17 17 
17 17 17 17 17 17 
17 17 17 17 17 17 
17 17 17 17 17 17 
17 17 17 17 17 17 
17 17 17 17 17 17 
17 17 17 17 17 17 
17 17 17 17 17 17 
17 17 17 17 17 17 
17 17 17 17 17 17 
17 17 17 17 17 17 
17 17 17 17 17 17 
17 17 17 17 17 17 
17 17 17 17 17 17 
17 17 17 17 17 17 
17 17 17 17 17 17 
17 17 17 17 17 17 
17 17 17 17 17 17 
17 17 17 17 17 17 
17 17 17 17 17 17 
17 17 17 17 17 17 
17 17 17 17 17 17 
17 17 17 17 17 17 
17 17 17 17 17 17 
17 17 17 17 17 17 
17 17 17 17 17 17 
17 17 17 17 17 17 
17 17 17 17 17 17 
17 17 17 17 17 17 
17 17 17 17 17 17 
17 17 17 17 17 17 
17 17 17 17 17 17 
17 17 17 17 17 17 
17 17 17 17 17 17 
17 17 17 17 17 17 
17 17 17 17 17 17 
17 17 17 17 17 17 
17 17 17 17 17 17 
17 17 17 17 17 17 
17 17 17 17 17 17 
17 17 17 17 17 17 
17 17 17 17 17 17 
17 17 17 17 17 17 
17 17 17 17 17 17 
17 17 17 17 17 17 
17 17 17 17 17 17 
17 17 17 17 17 17 
17 17 17 17 17 17 
17 17 17 17 17 17 
17 17 17 17 17 17 
17 17 17 17 17 17 
17 17 17 17 17 17 
17 17 17 17 17 17 
17 17 17 17 17 17 
17 17 17 17 17 17 
17 17 17 17 17 17 
17 17 17 17 17 17 
17 17 17 17 17 17 
17 17 17 17 17 17 
17 17 17 17 17 17 
17 17 17 17 17 17 
17 17 17 17 17 17 
17 17 17 17 17 17 
17 17 17 17 17 17 
17 17 17 17 17 17 
17 17 17 17 17 17 
17 17 17 17 17 17 
17 17 17 17 17 17 
17 17 17 17 17 17 
17 17 17 17 17 17 
17 17 17 17 17 17 
17 17 17 17 17 17 
17 17 17 17 17 17 
17 17 17 17 17 17 
17 17 17 17 17 17 
17 17 17 17 17 17 
17 17 17 17 17 17 
17 17 17 17 17 17 
17 17 17 17 17 17 
17 17 17 17 17 17 
17 17 17 17 17 17 
17 17 17 17 17 17 
17 17 17 17 17 17 
17 17 17 17 17 17 
17 17 17 17 17 17 
17 17 17 17 17 17 
17 17 17 17 17 17 
17 17 17 17 17 17 
17 17 17 17 17 17 
17 17 17 17 17 17 
17 17 17 17 17 17 
17 17 17 17 17 17 
17 17 17 17 17 17 
17 17 17 17 17 17 
17 17 17 17 17 17 
17 17 17 17 17 17 
17 17 17 17 17 17 
17 17 17 17 17 17 
17 17 17 17 17 17 
17 17 17 17 17 17 
17 17 17 17 17 17 
17 17 17 17 17 17 
17 17 17 17 17 17 
17 17 17 17 17 17 
17 17 17 17 17 17 
17 17 17 17 17 17 
17 17 17 17 17 17 
17 17 17 17 17 17 
17 17 17 17 17 17 
17 17 17 17 17 17 
17 17 17 17 17 17 
17 17 17 17 17 17 
17 17 17 17 17 17 
17 17 17 17 17 17 
17 17 17 17 17 17 
17 17 17 17 17 17 
17 17 17 17 17 17 
17 17 17 17 17 17 
17 17 17 17 17 17 
17 17 17 17 17 17 
17 17 17 17 17 17 
17 17 17 17 17 17 
17 17 17 17 17 17 
17 17 17 17 17 17 
17 17 17 17 17 17 
17 17 17 17 17 17 
17 17 17 17 17 17 
17 17 17 17 17 17 
17 17 17 17 17 17 
17 17 17 17 17 17 
17 17 17 17 17 17 
17 17 17 17 17 17 
17 17 17 17 17 17 
17 17 17 17 17 17 
17 17 17 17 17 17 
17 17 17 17 17 17 
17 17 17 17 17 17 
17 17 17 17 17 17 
17 17 17 17 17 17 
17 17 17 17 17 17 
17 17 17 17 17 17 
17 17 17 17 17 17 
17 17 17 17 17 17 
17 17 17 17 17 17 
17 17 17 17 17 17 
17 17 17 17 17 17 
17 17 17 17 17 17 
17 17 17 17 17 17 
17 17 17 17 17 17 
17 17 17 17 17 17 
17 17 17 17 17 17 
17 17 17 17 17 17 
17 17 17 17 17 17 
17 17 17 17 17 17 
17 17 17 17 17 17 
17 17 17 17 17 17 
17 17 17 17 17 17 
17 17 17 17 17 17 
17 17 17 17 17 17 
17 17 17 17 17 17 
17 17 17 17 17 17 
17 17 17 17 17 17 
17 17 17 17 17 17 
17 17 17 17 17 17 
17 17 17 17 17 17 
17 17 17 17 17 17 
17 17 17 17 17 17 
17 17 17 17 17 17 
17 17 17 17 17 17 
17 17 17 17 17 17 
17 17 17 17 17 17 
17 17 17 17 17 17 
17 17 17 17 17 17 
17 17 17 17 17 17 
17 17 17 17 17 17 
17 17 17 17 17 17 
17 17 17 17 17 17 
17 17 17 17 17 17 
17 17 17 17 17 17 
17 17 17 17 17 17 
17 17 17 17 17 17 
17 17 17 17 17 17 
17 17 17 17 17 17 
17 17 17 17 17 17 
17 17 17 17 17 17 
17 17 17 17 17 17 
17 17 17 17 17 17 
17 17 17 17 17 17 
17 17 17 17 17 17 
17 17 17 17 17 17 
17 17 17 17 17 17 
17 17 17 17 17 17 
17 17 17 17 17 17 
17 17 17 17 17 17 
17 17 17 17 17 17 
17 17 17 17 17 17 
17 17 17 17 17 17 
17 17 17 17 17 17 
17 17 17 17 17 17 
17 17 17 17 17 17 
17 17 17 17 17 17 
17 17 17 17 17 17 
17 17 17 17 17 17 
17 17 17 17 17 17 
17 17 17 17 17 17 
17 17 17 17 17 17 
17 17 17 17 17 17 
17 17 17 17 17 17 
17 17 17 17 17 17 
17 17 17 17 17 17 
17 17 17 17 17 17 
17 17 17 17 17 17 
17 17 17 17 17 17 
17 17 17 17 17 17 
17 17 17 17 17 17 
17 17 17 17 17 17 
17 17 17 17 17 17 
17 17 17 17 17 17 
17 17 17 17 17 17 
17 17 17 17 17 17 
17 17 17 17 17 17 
17 17 17 17 17 17 
17 17 17 17 17 17 
17 17 17 17 17 17 
17 17 17 17 17 17 
17 17 17 17 17 17 
17 17 17 17 17 17 
17 17 17 17 17 17 
17 17 17 17 17 17 
17 17 17 17 17 17 
17 17 17 17 17 17 
17 17 17 17 17 17 
17 17 17 17 17 17 
17 17 17 17 17 17 
17 17 17 17 17 17 
17 17 17 17 17 17 
17 17 17 17 17 17 
17 17 17 17 17 17 
17 17 17 17 17 17 
17 17 17 17 17 17 
17 17 17 17 17 17 
17 17 17 17 17 17 
17 17 17 17 17 17 
17 17 17 17 17 17 
17 17 17 17 17 17 
17 17 17 17 17 17 
17 17 17 17 17 17 
17 17 17 17 17 17 
17 17 17 17 17 17 
17 17 17 17 17 17 
17 17 17 17 17 17 
17 17 17 17 17 17 
17 17 17 17 17 17 
17 17 17 17 17 17 
17 17 17 17 17 17 
17 17 17 17 17 17 
17 17 17 17 17 17 
17 17 17 17 17 17 
17 17 17 17 17 17 
17 17 17 17 17 17 
17 17 17 17 17 17 
17 17 17 17 17 17 
17 17 17 17 17 17 
17 17 17 17 17 17 
17 17 17 17 17 17 
17 17 17 17 17 17 
17 17 17 17 17 17 
17 17 17 17 17 17 
17 17 17 17 17 17 
17 17 17 17 17 17 
17 17 17 17 17 17 
17 17 17 17 17 17 
17 17 17 17 17 17 
17 17 17 17 17 17 
17 17 17 17 17 17 
17 17 17 17 17 17 
17 17 17 17 17 17 
17 17 17 17 17 17 
17 17 17 17 17 17 
17 17 17 17 17 17 
17 17 17 17 17 17 
17 17 17 17 17 17 
17 17 17 17 17 17 
17 17 17 17 17 17 
17 17 17 17 17 17 
17 17 17 17 17 17 
17 17 17 17 17 17 
17 17 17 17 17 17 
17 17 17 17 17 17 
17 17 17 17 17 17 
17 17 17 17 17 17 
17 17 17 17 17 17 
17 17 17 17 17 17 
17 17 17 17 17 17 
17 17 17 17 17 17 
17 17 17 17 17 17 
17 17 17 17 17 17 
17 17 17 17 17 17 
17 17 17 17 17 17 
17 17 17 17 17 17 
17 17 17 17 17 17 
17 17 17 17 17 17 
17 17 17 17 17 17 
17 17 17 17 17 17 
17 17 17 17 17 17 
17 17 17 17 17 17 
17 17 17 17 17 17 
17 17 17 17 17 17 
17 17 17 17 17 17 
17 17 17 17 17 17 
17 17 17 17 17 17 
17 17 17 17 17 17 
17 17 17 17 17 17 
17 17 17 17 17 17 
17 17 17 17 17 17 
17 17 17 17 17 17 
17 17 17 17 17 17 
17 17 17 17 17 17 
17 17 17 17 17 17 
17 17 17 17 17 17 
17 17 17 17 17 17 
17 17 17 17 17 17 
17 17 17 17 17 17 
17 17 17 17 17 17 
17 17 17 17 17 17 
17 17 17 17 17 17 
17 17 17 17 17 17 
17 17 17 17 17 17 
17 17 17 17 17 17 
17 17 17 17 17 17 
17 17 17 17 17 17 
17 17 17 17 17 17 
17 17 17 17 17 17 
17 17 17 17 17 17 
17 17 17 17 17 17 
17 17 17 17 17 17 
17 17 17 17 17 17 
17 17 17 17 17 17 
17 17 17 17 17 17 
17 17 17 17 17 17 
17 17 17 17 17 17 
17 17 17 17 17 17 
17 17 17 17 17 17 
17 17 17 17 17 17 
17 17 17 17 17 17 
17 17 17 17 17 17 
17 17 17 17 17 17 
17 17 17 17 17 17 
17 17 17 17 17 17 
17 17 17 17 17 17 
17 17 17 17 17 17 
17 17 17 17 17 17 
17 17 17 17 17 17 
17 17 17 17 17 17 
17 17 17 17 17 17 
17 17 17 17 17 17 
17 17 17 17 17 17 
17 17 17 17 17 17 
17 17 17 17 17 17 
17 17 17 17 17 17 
17 17 17 17 17 17 
17 17 17 17 17 17 
17 17 17 17 17 17 
17 17 17 17 17 17 
17 17 17 17 17 17 
17 17 17 17 17 17 
17 17 17 17 17 17 
17 17 17 17 17 17 
17 17 17 17 17 17 
17 17 17 17 17 17 
17 17 17 17 17 17 
17 17 17 17 17 17 
17 17 17 17 17 17 
17 17 17 17 17 17 
17 17 17 17 17 17 
17 17 17 17 17 17 
17 17 17 17 17 17 
17 17 17 17 17 17 
17 17 17 17 17 17 
17 17 17 17 17 17 
17 17 17 17 17 17 
17 17 17 17 17 17 
17 17 17 17 17 17 
17 17 17 17 17 17 
17 17 17 17 17 17 
17 17 17 17 17 17 
17 17 17 17 17 17 
17 17 17 17 17 17 
17 17 17 17 17 17 
17 17 17 17 17 17 
17 17 17 17 17 17 
17 17 17 17 17 17 
17 17 17 17 17 17 
17 17 17 17 17 17 
17 17 17 17 17 17 
17 17 17 17 17 17 
17 17 17 17 17 17 
17 17 17 17 17 17 
17 17 17 17 17 17 
17 17 17 17 17 17 
17 17 17 17 17 17 
17 17 17 17 17 17 
17 17 17 17 17 17 
17 17 17 17 17 17 
17 17 17 17 17 17 
17 17 17 17 17 17 
17 17 17 17 17 17 
17 17 17 17 17 17 
17 17 17 17 17 17 
17 17 17 17 17 17 
17 17 17 17 17 17 
17 17 17 17 17 17 
17 17 17 17 17 17 
17 17 17 17 17 17 
17 17 17 17 17 17 
17 17 17 17 17 17 
17 17 17 17 17 17 
17 17 17 17 17 17 
17 17 17 17 17 17 
17 17 17 17 17 17 
17 17 17 17 17 17 
17 17 17 17 17 17 
17 17 17 17 17 17 
17 17 17 17 17 17 
17 17 17 17 17 17 
17 17 17 17 17 17 
17 17 17 17 17 17 
17 17 17 17 17 17 
17 17 17 17 17 17 
17 17 17 17 17 17 
17 17 17 17 17 17 
17 17 17 17 17 17 
17 17 17 17 17 17 
17 17 17 17 17 17 
17 17 17 17 17 17 
17 17 17 17 17 17 
17 17 17 17 17 17 
17 17 17 17 17 17 
17 17 17 17 17 17 
17 17 17 17 17 17 
17 17 17 17 17 17 
17 17 17 17 17 17 
17 17 17 17 17 17 
17 17 17 17 17 17 
17 17 17 17 17 17 
17 17 17 17 17 17 
17 17 17 17 17 17 
17 17 17 17 17 17 
17 17 17 17 17 17 
17 17 17 17 17 17 
17 17 17 17 17 17 
17 17 17 17 17 17 
17 17 17 17 17 17 
17 17 17 17 17 17 
17 17 17 17 17 17 
17 17 17 17 17 17 
17 17 17 17 17 17 
17 17 17 17 17 17 
17 17 17 17 17 17 
17 17 17 17 17 17 
17 17 17 17 17 17 
17 17 17 17 17 17 
17 17 17 17 17 17 
17 17 17 17 17 17 
17 17 17 17 17 17 
17 17 17 17 17 17 
17 17 17 17 17 17 
17 17 17 17 17 17 
17 17 17 17 17 17 
17 17 17 17 17 17 
17 17 17 17 17 17 
17 17 17 17 17 17 
17 17 17 17 17 17 
17 17 17 17 17 17 
17 17 17 17 17 17 
17 17 17 17 17 17 
17 17 17 17 17 17 
17 17 17 17 17 17 
17 17 17 17 17 17 
17 17 17 17 17 17 
17 17 17 17 17 17 
17 17 17 17 17 17 
17 17 17 17 17 17 
17 17 17 17 17 17 
17 17 17 17 17 17 
17 17 17 17 17 17 
17 17 17 17 17 17 
17 17 17 17 17 17 
17 17 17 17 17 17 
17 17 17 17 17 17 
17 17 17 17 17 17 
17 17 17 17 17 17 
17 17 17 17 17 17 
17 17 17 17 17 17 
17 17 17 17 17 17 
17 17 17 17 17 17 
17 17 17 17 17 17 
17 17 17 17 17 17 
17 17 17 17 17 17 
17 17 17 17 17 17 
17 17 17 17 17 17 
17 17 17 17 17 17 
17 17 17 17 17 17 
17 17 17 17 17 17 
17 17 17 17 17 17 
17 17 17 17 17 17 
17 17 17 17 17 17 
17 17 17 17 17 17 
17 17 17 17 17 17 
17 17 17 17 17 17 
17 17 17 17 17 17 
17 17 17 17 17 17 
17 17 17 17 17 17 
17 17 17 17 17 17 
17 17 17 17 17 17 
17 17 17 17 17 17 
17 17 17 17 17 17 
17 17 17 17 17 17 
17 17 17 17 17 17 
17 17 17 17 17 17 
17 17 17 17 17 17 
17 17 17 17 17 17 
17 17 17 17 17 17 
17 17 17 17 17 17 
17 17 17 17 17 17 
17 17 17 17 17 17 
17 17 17 17 17 17 
17 17 17 17 17 17 
17 17 17 17 17 17 
17 17 17 17 17 17 
17 17 17 17 17 17 
17 17 17 17 17 17 
17 17 17 17 17 17 
17 17 17 17 17 17 
17 17 17 17 17 17 
17 17 17 17 17 17 
17 17 17 17 17 17 
17 17 17 17 17 17 
17 17 17 17 17 17 
17 17 17 17 17 17 
17 17 17 17 17 17 
17 17 17 17 17 17 
17 17 17 17 17 17 
17 17 17 17 17 17 
17 17 17 17 17 17 
17 17 17 17 17 17 
17 17 17 17 17 17 
17 17 17 17 17 17 
17 17 17 17 17 17 
17 17 17 17 17 17 
17 17 17 17 17 17 
17 17 17 17 17 17 
17 17 17 17 17 17 
17 17 17 17 17 17 
17 17 17 17 17 17 
17 17 17 17 17 17 
17 17 17 17 17 17 
17 17 17 17 17 17 
17 17 17 17 17 17 
17 17 17 17 17 17 
17 17 17 17 17 17 
17 17 17 17 17 17 
17 17 17 17 17 17 
17 17 17 17 17 17 
17 17 17 17 17 17 
17 17 17 17 17 17 
17 17 17 17 17 17 
17 17 17 17 17 17 
17 17 17 17 17 17 
17 17 17 17 17 17 
17 17 17 17 17 17 
17 17 17 17 17 17 
17 17 17 17 17 17 
17 17 17 17 17 17 
17 17 17 17 17 17 
17 17 17 17 17 17 
17 17 17 17 17 17 
17 17 17 17 17 17 
17 17 17 17 17 17 
17 17 17 17 17 17 
17 17 17 17 17 17 
17 17 17 17 17 17 
17 17 17 17 17 17 
17 17 17 17 17 17 
17 17 17 17 17 17 
17 17 17 17 17 17 
17 17 17 17 17 17 
17 17 17 17 17 17 
17 17 17 17 17 17 
17 17 17 17 17 17 
17 17 17 17 17 17 
17 17 17 17 17 17 
17 17 17 17 17 17 
17 17 17 17 17 17 
17 17 17 17 17 17 
17 17 17 17 17 17 
17 17 17 17 17 17 
17 17 17 17 17 17 
17 17 17 17 17 17 
17 17 17 17 17 17 
17 17 17 17 17 17 
17 17 17 17 17 17 
17 17 17 17 17 17 
17 17 17 17 17 17 
17 17 17 17 17 17 
17 17 17 17 17 17 
17 17 17 17 17 17 
17 17 17 17 17 17 
17 17 17 17 17 17 
17 17 17 17 17 17 
17 17 17 17 17 17 
17 17 17 17 17 17 
17 17 17 17 17 17 
17 17 17 17 17 17 
17 17 17 17 17 17 
17 17 17 17 17 17 
17 17 17 17 17 17 
17 17 17 17 17 17 
17 17 17 17 17 17 
17 17 17 17 17 17 
17 17 17 17 17 17 
17 17 17 17 17 17 
17 17 17 17 17 17 
17 17 17 17 17 17 
17 17 17 17 17 17 
17 17 17 17 17 17 
17 17 17 17 17 17 
17 17 17 17 17 17 
17 17 17 17 17 17 
17 17 17 17 17 17 
17 17 17 17 17 17 
17 17 17 17 17 17 
17 17 17 17 17 17 
17 17 17 17 17 17 
17 17 17 17 17 17 
17 17 17 17 17 17 
17 17 17 17 17 17 
17 17 17 17 17 17 
17 17 17 17 17 17 
17 17 17 17 17 17 
17 17 17 17 17 17 
17 17 17 17 17 17 
17 17 17 17 17 17 
17 17 17 17 17 17 
17 17 17 17 17 17 
17 17 17 17 17 17 
17 17 17 17 17 17 
17 17 17 17 17 17 
17 17 17 17 17 17 
17 17 17 17 17 17 
17 17 17 17 17 17 
17 17 17 17 17 17 
17 17 17 17 17 17 
17 17 17 17 17 17 
17 17 17 17 17 17 
17 17 17 17 17 17 
17 17 17 17 17 17 
17 17 17 17 17 17 
17 17 17 17 17 17 
17 17 17 17 17 17 
17 17 17 17 17 17 
17 17 17 17 17 17 
17 17 17 17 17 17 
17 17 17 17 17 17 
17 17 17 17 17 17 
17 17 17 17 17 17 
17 17 17 17 17 17 
17 17 17 17 17 17 
17 17 17 17 17 17 
17 17 17 17 17 17 
17 17 17 17 17 17 
att
1 1 1 0 0 0 
0 1 0 0 0 0 
1 0 0 0 0 0 
1 0 0 0 0 0 
1 0 1 0 0 0 
1 1 1 0 0 0 
1 1 0 0 0 0 
0 0 0 1 0 1 
0 0 0 0 1 1 
0 0 0 1 0 1 
0 0 0 1 1 1 
0 0 0 1 0 0 
0 0 0 0 1 1 
0 0 0 1 0 1 
0 0 0 1 1 1 
0 0 0 1 1 1 
0 0 0 0 1 1 
0 0 0 1 1 0 
0 0 0 0 1 1 
0 0 0 0 1 1 
