nbServi = 6 ;
nbVehi = 20 ;
nbCust = 70 ;
nbSynch = 30 ;
e
0 124 316 370 301 372 278 51 11 413 0 114 290 302 137 268 348 102 469 243 255 78 121 128 220 59 147 355 405 399 419 347 361 31 233 448 253 239 316 478 72 377 36 28 283 44 470 250 427 17 106 378 412 169 121 180 236 19 248 141 122 106 300 227 177 42 265 383 116 435 107 397 456 390 240 103 312 332 240 429 425 342 154 273 220 447 76 79 473 334 366 26 61 440 204 210 323 130 366 401 264 
l
600 244 436 490 421 492 398 171 131 533 120 234 410 422 257 388 468 222 589 363 375 198 241 248 340 179 267 475 525 519 539 467 481 151 353 568 373 359 436 598 192 497 156 148 403 164 590 370 547 137 226 498 532 289 241 300 356 139 368 261 242 226 420 347 297 162 385 503 236 555 227 517 576 510 360 223 432 452 360 549 545 462 274 393 340 567 196 199 593 454 486 146 181 560 324 330 443 250 486 521 384 
cx
64 30 72 31 53 54 82 28 2 83 58 68 79 15 99 67 51 88 39 78 97 88 24 90 17 18 89 40 59 81 86 47 62 3 15 17 90 43 52 9 22 53 47 59 14 26 20 10 10 41 88 12 72 7 62 29 70 79 56 76 61 50 30 88 26 23 58 68 80 20 38 47 16 34 80 0 39 61 89 38 47 45 13 4 78 85 88 65 37 4 87 78 97 54 83 35 53 27 33 25 0 
cy
15 39 25 21 49 7 42 22 36 19 19 12 47 21 22 40 9 41 16 31 23 46 35 27 13 13 22 17 34 26 27 24 44 45 34 5 9 24 11 49 2 4 32 24 34 32 10 38 13 20 18 3 38 17 37 28 31 17 36 6 8 36 0 47 12 45 29 21 42 24 44 33 22 28 12 19 46 4 48 4 48 19 28 14 11 11 34 7 42 8 29 35 49 21 30 7 3 25 43 46 0 
s
1 1 1 1 1 1 
0 0 0 0 1 0 
0 0 0 0 1 0 
0 0 0 0 1 0 
0 1 0 0 0 0 
1 0 0 0 0 0 
0 0 1 0 0 0 
0 0 0 1 0 0 
0 0 0 0 0 1 
0 0 0 0 0 1 
1 0 0 0 0 0 
1 0 0 0 0 0 
0 0 1 0 0 0 
0 0 1 0 0 0 
0 0 0 0 0 1 
0 0 0 0 1 0 
1 0 0 0 0 0 
1 0 0 0 0 0 
0 1 0 0 0 0 
0 0 0 1 0 0 
0 0 0 1 0 0 
1 0 0 0 0 0 
0 1 0 0 0 0 
0 0 1 0 0 0 
0 0 0 0 1 0 
0 0 0 0 0 1 
0 0 0 1 0 0 
0 1 0 0 0 0 
0 0 0 1 0 0 
0 0 0 1 0 0 
0 0 0 0 0 1 
0 0 0 0 0 1 
0 1 0 0 0 0 
0 1 0 0 0 0 
0 0 0 0 0 1 
0 0 0 0 1 0 
0 1 0 0 0 0 
0 0 0 0 0 1 
0 0 0 0 1 0 
0 0 0 0 1 0 
1 0 0 0 0 0 
0 0 0 0 0 1 
1 0 0 0 0 0 
0 0 0 0 1 0 
0 1 0 0 0 0 
0 0 1 0 0 0 
0 0 1 0 0 0 
0 0 0 0 1 0 
0 1 0 0 0 0 
0 0 0 0 0 1 
0 0 0 0 1 0 
1 0 0 0 0 0 
0 0 0 0 1 0 
0 1 0 0 0 0 
0 1 0 0 0 0 
1 0 0 0 0 0 
0 0 1 0 0 0 
0 1 0 0 0 0 
0 0 1 0 0 0 
0 0 0 1 0 0 
0 0 1 0 0 0 
0 0 0 0 1 0 
1 0 0 0 0 0 
0 0 0 0 0 1 
0 0 0 1 0 0 
1 0 0 0 0 0 
0 1 0 0 0 0 
0 0 0 0 0 1 
0 0 1 0 0 0 
0 0 0 1 0 0 
0 0 0 0 0 1 
0 0 0 1 1 0 
0 0 0 1 1 0 
0 0 0 1 0 1 
0 0 0 1 0 1 
0 0 0 1 1 0 
0 0 0 1 1 0 
0 0 0 1 1 0 
0 0 0 0 1 1 
0 0 0 1 1 0 
0 0 0 0 1 1 
0 0 0 1 0 1 
0 0 0 1 0 1 
0 0 0 1 1 0 
0 0 0 1 0 1 
0 0 0 0 1 1 
0 0 1 0 0 1 
0 0 1 0 1 0 
0 1 0 1 0 0 
1 0 0 0 1 0 
0 0 1 1 0 0 
0 0 1 0 0 1 
0 1 0 0 0 1 
0 0 1 0 0 1 
1 0 0 1 0 0 
1 0 0 0 0 1 
0 1 0 1 0 0 
1 0 0 0 1 0 
0 0 1 0 1 0 
1 0 0 1 0 0 
0 1 0 1 0 0 
delta
29 58 
47 94 
31 62 
5 10 
36 72 
26 52 
9 18 
24 48 
48 96 
33 66 
17 34 
42 84 
1 2 
46 92 
22 44 
3 6 
39 78 
54 108 
28 56 
43 86 
9 18 
16 32 
24 48 
20 40 
49 98 
34 68 
48 96 
11 22 
35 70 
23 46 
24 48 
23 46 
43 86 
0 0 
9 18 
11 22 
12 24 
36 72 
34 68 
12 24 
15 30 
13 26 
34 68 
44 88 
19 38 
10 20 
50 100 
18 36 
56 112 
20 40 
39 78 
27 54 
20 40 
34 68 
48 96 
55 110 
5 10 
45 90 
31 62 
58 116 
16 32 
32 64 
23 46 
8 16 
41 82 
53 106 
39 78 
31 62 
25 50 
20 40 
58 116 
0 0 
0 0 
0 0 
0 0 
0 0 
0 0 
0 0 
0 0 
0 0 
0 0 
0 0 
0 0 
0 0 
0 0 
0 0 
37 74 
48 96 
54 108 
28 56 
15 30 
40 80 
59 118 
12 24 
28 56 
39 78 
14 28 
45 90 
24 48 
23 46 
35 70 
p
0 0 0 0 0 0 
0 0 0 0 0 0 
0 0 0 0 0 0 
0 0 0 0 0 0 
0 0 0 0 0 0 
0 0 0 0 0 0 
0 0 0 0 0 0 
0 0 0 0 0 0 
0 0 0 0 0 0 
0 0 0 0 0 0 
0 0 0 0 0 0 
0 0 0 0 0 0 
0 0 0 0 0 0 
0 0 0 0 0 0 
0 0 0 0 0 0 
0 0 0 0 0 0 
0 0 0 0 0 0 
0 0 0 0 0 0 
0 0 0 0 0 0 
0 0 0 0 0 0 
13 13 13 13 13 13 
13 13 13 13 13 13 
13 13 13 13 13 13 
13 13 13 13 13 13 
13 13 13 13 13 13 
13 13 13 13 13 13 
13 13 13 13 13 13 
13 13 13 13 13 13 
13 13 13 13 13 13 
13 13 13 13 13 13 
13 13 13 13 13 13 
13 13 13 13 13 13 
13 13 13 13 13 13 
13 13 13 13 13 13 
13 13 13 13 13 13 
13 13 13 13 13 13 
13 13 13 13 13 13 
13 13 13 13 13 13 
13 13 13 13 13 13 
13 13 13 13 13 13 
13 13 13 13 13 13 
13 13 13 13 13 13 
13 13 13 13 13 13 
13 13 13 13 13 13 
13 13 13 13 13 13 
13 13 13 13 13 13 
13 13 13 13 13 13 
13 13 13 13 13 13 
13 13 13 13 13 13 
13 13 13 13 13 13 
13 13 13 13 13 13 
13 13 13 13 13 13 
13 13 13 13 13 13 
13 13 13 13 13 13 
13 13 13 13 13 13 
13 13 13 13 13 13 
13 13 13 13 13 13 
13 13 13 13 13 13 
13 13 13 13 13 13 
13 13 13 13 13 13 
13 13 13 13 13 13 
13 13 13 13 13 13 
13 13 13 13 13 13 
13 13 13 13 13 13 
13 13 13 13 13 13 
13 13 13 13 13 13 
13 13 13 13 13 13 
13 13 13 13 13 13 
13 13 13 13 13 13 
13 13 13 13 13 13 
13 13 13 13 13 13 
13 13 13 13 13 13 
13 13 13 13 13 13 
13 13 13 13 13 13 
13 13 13 13 13 13 
13 13 13 13 13 13 
13 13 13 13 13 13 
13 13 13 13 13 13 
13 13 13 13 13 13 
13 13 13 13 13 13 
13 13 13 13 13 13 
13 13 13 13 13 13 
13 13 13 13 13 13 
13 13 13 13 13 13 
13 13 13 13 13 13 
13 13 13 13 13 13 
13 13 13 13 13 13 
13 13 13 13 13 13 
13 13 13 13 13 13 
13 13 13 13 13 13 
13 13 13 13 13 13 
13 13 13 13 13 13 
13 13 13 13 13 13 
13 13 13 13 13 13 
13 13 13 13 13 13 
13 13 13 13 13 13 
13 13 13 13 13 13 
13 13 13 13 13 13 
13 13 13 13 13 13 
13 13 13 13 13 13 
13 13 13 13 13 13 
13 13 13 13 13 13 
13 13 13 13 13 13 
13 13 13 13 13 13 
13 13 13 13 13 13 
13 13 13 13 13 13 
13 13 13 13 13 13 
13 13 13 13 13 13 
13 13 13 13 13 13 
13 13 13 13 13 13 
13 13 13 13 13 13 
13 13 13 13 13 13 
13 13 13 13 13 13 
13 13 13 13 13 13 
13 13 13 13 13 13 
13 13 13 13 13 13 
13 13 13 13 13 13 
13 13 13 13 13 13 
13 13 13 13 13 13 
13 13 13 13 13 13 
13 13 13 13 13 13 
13 13 13 13 13 13 
13 13 13 13 13 13 
13 13 13 13 13 13 
13 13 13 13 13 13 
13 13 13 13 13 13 
13 13 13 13 13 13 
13 13 13 13 13 13 
13 13 13 13 13 13 
13 13 13 13 13 13 
13 13 13 13 13 13 
13 13 13 13 13 13 
13 13 13 13 13 13 
13 13 13 13 13 13 
13 13 13 13 13 13 
13 13 13 13 13 13 
13 13 13 13 13 13 
13 13 13 13 13 13 
13 13 13 13 13 13 
13 13 13 13 13 13 
13 13 13 13 13 13 
13 13 13 13 13 13 
13 13 13 13 13 13 
13 13 13 13 13 13 
13 13 13 13 13 13 
13 13 13 13 13 13 
13 13 13 13 13 13 
13 13 13 13 13 13 
13 13 13 13 13 13 
13 13 13 13 13 13 
13 13 13 13 13 13 
13 13 13 13 13 13 
13 13 13 13 13 13 
13 13 13 13 13 13 
13 13 13 13 13 13 
13 13 13 13 13 13 
13 13 13 13 13 13 
13 13 13 13 13 13 
13 13 13 13 13 13 
13 13 13 13 13 13 
13 13 13 13 13 13 
13 13 13 13 13 13 
13 13 13 13 13 13 
13 13 13 13 13 13 
13 13 13 13 13 13 
13 13 13 13 13 13 
13 13 13 13 13 13 
13 13 13 13 13 13 
13 13 13 13 13 13 
13 13 13 13 13 13 
13 13 13 13 13 13 
13 13 13 13 13 13 
13 13 13 13 13 13 
13 13 13 13 13 13 
13 13 13 13 13 13 
13 13 13 13 13 13 
13 13 13 13 13 13 
13 13 13 13 13 13 
13 13 13 13 13 13 
13 13 13 13 13 13 
13 13 13 13 13 13 
13 13 13 13 13 13 
13 13 13 13 13 13 
13 13 13 13 13 13 
13 13 13 13 13 13 
13 13 13 13 13 13 
13 13 13 13 13 13 
13 13 13 13 13 13 
13 13 13 13 13 13 
13 13 13 13 13 13 
13 13 13 13 13 13 
13 13 13 13 13 13 
13 13 13 13 13 13 
13 13 13 13 13 13 
13 13 13 13 13 13 
13 13 13 13 13 13 
13 13 13 13 13 13 
13 13 13 13 13 13 
13 13 13 13 13 13 
13 13 13 13 13 13 
13 13 13 13 13 13 
13 13 13 13 13 13 
13 13 13 13 13 13 
13 13 13 13 13 13 
13 13 13 13 13 13 
13 13 13 13 13 13 
13 13 13 13 13 13 
13 13 13 13 13 13 
13 13 13 13 13 13 
13 13 13 13 13 13 
13 13 13 13 13 13 
13 13 13 13 13 13 
13 13 13 13 13 13 
13 13 13 13 13 13 
13 13 13 13 13 13 
13 13 13 13 13 13 
13 13 13 13 13 13 
13 13 13 13 13 13 
13 13 13 13 13 13 
13 13 13 13 13 13 
13 13 13 13 13 13 
13 13 13 13 13 13 
13 13 13 13 13 13 
13 13 13 13 13 13 
13 13 13 13 13 13 
13 13 13 13 13 13 
13 13 13 13 13 13 
13 13 13 13 13 13 
13 13 13 13 13 13 
13 13 13 13 13 13 
13 13 13 13 13 13 
13 13 13 13 13 13 
13 13 13 13 13 13 
13 13 13 13 13 13 
13 13 13 13 13 13 
13 13 13 13 13 13 
13 13 13 13 13 13 
13 13 13 13 13 13 
13 13 13 13 13 13 
13 13 13 13 13 13 
13 13 13 13 13 13 
13 13 13 13 13 13 
13 13 13 13 13 13 
13 13 13 13 13 13 
13 13 13 13 13 13 
13 13 13 13 13 13 
13 13 13 13 13 13 
13 13 13 13 13 13 
13 13 13 13 13 13 
13 13 13 13 13 13 
13 13 13 13 13 13 
13 13 13 13 13 13 
13 13 13 13 13 13 
13 13 13 13 13 13 
13 13 13 13 13 13 
13 13 13 13 13 13 
13 13 13 13 13 13 
13 13 13 13 13 13 
13 13 13 13 13 13 
13 13 13 13 13 13 
13 13 13 13 13 13 
13 13 13 13 13 13 
13 13 13 13 13 13 
13 13 13 13 13 13 
13 13 13 13 13 13 
13 13 13 13 13 13 
13 13 13 13 13 13 
13 13 13 13 13 13 
13 13 13 13 13 13 
13 13 13 13 13 13 
13 13 13 13 13 13 
13 13 13 13 13 13 
13 13 13 13 13 13 
13 13 13 13 13 13 
13 13 13 13 13 13 
13 13 13 13 13 13 
13 13 13 13 13 13 
13 13 13 13 13 13 
13 13 13 13 13 13 
13 13 13 13 13 13 
13 13 13 13 13 13 
13 13 13 13 13 13 
13 13 13 13 13 13 
13 13 13 13 13 13 
13 13 13 13 13 13 
13 13 13 13 13 13 
13 13 13 13 13 13 
13 13 13 13 13 13 
13 13 13 13 13 13 
13 13 13 13 13 13 
13 13 13 13 13 13 
13 13 13 13 13 13 
13 13 13 13 13 13 
13 13 13 13 13 13 
13 13 13 13 13 13 
13 13 13 13 13 13 
13 13 13 13 13 13 
13 13 13 13 13 13 
13 13 13 13 13 13 
13 13 13 13 13 13 
13 13 13 13 13 13 
13 13 13 13 13 13 
13 13 13 13 13 13 
13 13 13 13 13 13 
13 13 13 13 13 13 
13 13 13 13 13 13 
13 13 13 13 13 13 
13 13 13 13 13 13 
13 13 13 13 13 13 
13 13 13 13 13 13 
13 13 13 13 13 13 
13 13 13 13 13 13 
13 13 13 13 13 13 
13 13 13 13 13 13 
13 13 13 13 13 13 
13 13 13 13 13 13 
13 13 13 13 13 13 
13 13 13 13 13 13 
13 13 13 13 13 13 
13 13 13 13 13 13 
13 13 13 13 13 13 
13 13 13 13 13 13 
13 13 13 13 13 13 
13 13 13 13 13 13 
13 13 13 13 13 13 
13 13 13 13 13 13 
13 13 13 13 13 13 
13 13 13 13 13 13 
13 13 13 13 13 13 
13 13 13 13 13 13 
13 13 13 13 13 13 
13 13 13 13 13 13 
13 13 13 13 13 13 
13 13 13 13 13 13 
13 13 13 13 13 13 
13 13 13 13 13 13 
13 13 13 13 13 13 
13 13 13 13 13 13 
13 13 13 13 13 13 
13 13 13 13 13 13 
13 13 13 13 13 13 
13 13 13 13 13 13 
13 13 13 13 13 13 
13 13 13 13 13 13 
13 13 13 13 13 13 
13 13 13 13 13 13 
13 13 13 13 13 13 
13 13 13 13 13 13 
13 13 13 13 13 13 
13 13 13 13 13 13 
13 13 13 13 13 13 
13 13 13 13 13 13 
13 13 13 13 13 13 
13 13 13 13 13 13 
13 13 13 13 13 13 
13 13 13 13 13 13 
13 13 13 13 13 13 
13 13 13 13 13 13 
13 13 13 13 13 13 
13 13 13 13 13 13 
13 13 13 13 13 13 
13 13 13 13 13 13 
13 13 13 13 13 13 
13 13 13 13 13 13 
13 13 13 13 13 13 
13 13 13 13 13 13 
13 13 13 13 13 13 
13 13 13 13 13 13 
13 13 13 13 13 13 
13 13 13 13 13 13 
13 13 13 13 13 13 
13 13 13 13 13 13 
13 13 13 13 13 13 
13 13 13 13 13 13 
13 13 13 13 13 13 
13 13 13 13 13 13 
13 13 13 13 13 13 
13 13 13 13 13 13 
13 13 13 13 13 13 
13 13 13 13 13 13 
13 13 13 13 13 13 
13 13 13 13 13 13 
13 13 13 13 13 13 
13 13 13 13 13 13 
13 13 13 13 13 13 
13 13 13 13 13 13 
13 13 13 13 13 13 
13 13 13 13 13 13 
13 13 13 13 13 13 
13 13 13 13 13 13 
13 13 13 13 13 13 
13 13 13 13 13 13 
13 13 13 13 13 13 
13 13 13 13 13 13 
13 13 13 13 13 13 
13 13 13 13 13 13 
13 13 13 13 13 13 
13 13 13 13 13 13 
13 13 13 13 13 13 
13 13 13 13 13 13 
13 13 13 13 13 13 
13 13 13 13 13 13 
13 13 13 13 13 13 
13 13 13 13 13 13 
13 13 13 13 13 13 
13 13 13 13 13 13 
13 13 13 13 13 13 
13 13 13 13 13 13 
13 13 13 13 13 13 
13 13 13 13 13 13 
13 13 13 13 13 13 
13 13 13 13 13 13 
13 13 13 13 13 13 
13 13 13 13 13 13 
13 13 13 13 13 13 
13 13 13 13 13 13 
13 13 13 13 13 13 
13 13 13 13 13 13 
13 13 13 13 13 13 
13 13 13 13 13 13 
13 13 13 13 13 13 
13 13 13 13 13 13 
13 13 13 13 13 13 
13 13 13 13 13 13 
13 13 13 13 13 13 
13 13 13 13 13 13 
13 13 13 13 13 13 
13 13 13 13 13 13 
13 13 13 13 13 13 
13 13 13 13 13 13 
13 13 13 13 13 13 
13 13 13 13 13 13 
13 13 13 13 13 13 
13 13 13 13 13 13 
13 13 13 13 13 13 
13 13 13 13 13 13 
13 13 13 13 13 13 
13 13 13 13 13 13 
13 13 13 13 13 13 
13 13 13 13 13 13 
13 13 13 13 13 13 
13 13 13 13 13 13 
13 13 13 13 13 13 
13 13 13 13 13 13 
13 13 13 13 13 13 
13 13 13 13 13 13 
13 13 13 13 13 13 
13 13 13 13 13 13 
13 13 13 13 13 13 
13 13 13 13 13 13 
13 13 13 13 13 13 
13 13 13 13 13 13 
13 13 13 13 13 13 
13 13 13 13 13 13 
13 13 13 13 13 13 
13 13 13 13 13 13 
13 13 13 13 13 13 
13 13 13 13 13 13 
13 13 13 13 13 13 
13 13 13 13 13 13 
13 13 13 13 13 13 
13 13 13 13 13 13 
13 13 13 13 13 13 
13 13 13 13 13 13 
13 13 13 13 13 13 
13 13 13 13 13 13 
13 13 13 13 13 13 
13 13 13 13 13 13 
13 13 13 13 13 13 
13 13 13 13 13 13 
13 13 13 13 13 13 
13 13 13 13 13 13 
13 13 13 13 13 13 
13 13 13 13 13 13 
13 13 13 13 13 13 
13 13 13 13 13 13 
13 13 13 13 13 13 
13 13 13 13 13 13 
13 13 13 13 13 13 
13 13 13 13 13 13 
13 13 13 13 13 13 
13 13 13 13 13 13 
13 13 13 13 13 13 
13 13 13 13 13 13 
13 13 13 13 13 13 
13 13 13 13 13 13 
13 13 13 13 13 13 
13 13 13 13 13 13 
13 13 13 13 13 13 
13 13 13 13 13 13 
13 13 13 13 13 13 
13 13 13 13 13 13 
13 13 13 13 13 13 
13 13 13 13 13 13 
13 13 13 13 13 13 
13 13 13 13 13 13 
13 13 13 13 13 13 
13 13 13 13 13 13 
13 13 13 13 13 13 
13 13 13 13 13 13 
13 13 13 13 13 13 
13 13 13 13 13 13 
13 13 13 13 13 13 
13 13 13 13 13 13 
13 13 13 13 13 13 
13 13 13 13 13 13 
13 13 13 13 13 13 
13 13 13 13 13 13 
13 13 13 13 13 13 
13 13 13 13 13 13 
13 13 13 13 13 13 
13 13 13 13 13 13 
13 13 13 13 13 13 
13 13 13 13 13 13 
13 13 13 13 13 13 
13 13 13 13 13 13 
13 13 13 13 13 13 
13 13 13 13 13 13 
13 13 13 13 13 13 
13 13 13 13 13 13 
13 13 13 13 13 13 
13 13 13 13 13 13 
13 13 13 13 13 13 
13 13 13 13 13 13 
13 13 13 13 13 13 
13 13 13 13 13 13 
13 13 13 13 13 13 
13 13 13 13 13 13 
13 13 13 13 13 13 
13 13 13 13 13 13 
13 13 13 13 13 13 
13 13 13 13 13 13 
13 13 13 13 13 13 
13 13 13 13 13 13 
13 13 13 13 13 13 
13 13 13 13 13 13 
13 13 13 13 13 13 
13 13 13 13 13 13 
13 13 13 13 13 13 
13 13 13 13 13 13 
13 13 13 13 13 13 
13 13 13 13 13 13 
13 13 13 13 13 13 
13 13 13 13 13 13 
13 13 13 13 13 13 
13 13 13 13 13 13 
13 13 13 13 13 13 
13 13 13 13 13 13 
13 13 13 13 13 13 
13 13 13 13 13 13 
13 13 13 13 13 13 
13 13 13 13 13 13 
13 13 13 13 13 13 
13 13 13 13 13 13 
13 13 13 13 13 13 
13 13 13 13 13 13 
13 13 13 13 13 13 
13 13 13 13 13 13 
13 13 13 13 13 13 
13 13 13 13 13 13 
13 13 13 13 13 13 
13 13 13 13 13 13 
13 13 13 13 13 13 
13 13 13 13 13 13 
13 13 13 13 13 13 
13 13 13 13 13 13 
13 13 13 13 13 13 
13 13 13 13 13 13 
13 13 13 13 13 13 
13 13 13 13 13 13 
13 13 13 13 13 13 
13 13 13 13 13 13 
13 13 13 13 13 13 
13 13 13 13 13 13 
13 13 13 13 13 13 
13 13 13 13 13 13 
13 13 13 13 13 13 
13 13 13 13 13 13 
13 13 13 13 13 13 
13 13 13 13 13 13 
13 13 13 13 13 13 
13 13 13 13 13 13 
13 13 13 13 13 13 
13 13 13 13 13 13 
13 13 13 13 13 13 
13 13 13 13 13 13 
13 13 13 13 13 13 
13 13 13 13 13 13 
13 13 13 13 13 13 
13 13 13 13 13 13 
13 13 13 13 13 13 
13 13 13 13 13 13 
13 13 13 13 13 13 
13 13 13 13 13 13 
13 13 13 13 13 13 
13 13 13 13 13 13 
13 13 13 13 13 13 
13 13 13 13 13 13 
13 13 13 13 13 13 
13 13 13 13 13 13 
13 13 13 13 13 13 
13 13 13 13 13 13 
13 13 13 13 13 13 
13 13 13 13 13 13 
13 13 13 13 13 13 
13 13 13 13 13 13 
13 13 13 13 13 13 
13 13 13 13 13 13 
13 13 13 13 13 13 
13 13 13 13 13 13 
13 13 13 13 13 13 
13 13 13 13 13 13 
13 13 13 13 13 13 
13 13 13 13 13 13 
13 13 13 13 13 13 
13 13 13 13 13 13 
13 13 13 13 13 13 
13 13 13 13 13 13 
13 13 13 13 13 13 
13 13 13 13 13 13 
13 13 13 13 13 13 
13 13 13 13 13 13 
13 13 13 13 13 13 
13 13 13 13 13 13 
13 13 13 13 13 13 
13 13 13 13 13 13 
13 13 13 13 13 13 
13 13 13 13 13 13 
13 13 13 13 13 13 
13 13 13 13 13 13 
13 13 13 13 13 13 
13 13 13 13 13 13 
13 13 13 13 13 13 
13 13 13 13 13 13 
13 13 13 13 13 13 
13 13 13 13 13 13 
13 13 13 13 13 13 
13 13 13 13 13 13 
13 13 13 13 13 13 
13 13 13 13 13 13 
13 13 13 13 13 13 
13 13 13 13 13 13 
13 13 13 13 13 13 
13 13 13 13 13 13 
13 13 13 13 13 13 
13 13 13 13 13 13 
13 13 13 13 13 13 
13 13 13 13 13 13 
13 13 13 13 13 13 
13 13 13 13 13 13 
13 13 13 13 13 13 
13 13 13 13 13 13 
13 13 13 13 13 13 
13 13 13 13 13 13 
13 13 13 13 13 13 
13 13 13 13 13 13 
13 13 13 13 13 13 
13 13 13 13 13 13 
13 13 13 13 13 13 
13 13 13 13 13 13 
13 13 13 13 13 13 
13 13 13 13 13 13 
13 13 13 13 13 13 
13 13 13 13 13 13 
13 13 13 13 13 13 
13 13 13 13 13 13 
13 13 13 13 13 13 
13 13 13 13 13 13 
13 13 13 13 13 13 
13 13 13 13 13 13 
13 13 13 13 13 13 
13 13 13 13 13 13 
13 13 13 13 13 13 
13 13 13 13 13 13 
13 13 13 13 13 13 
13 13 13 13 13 13 
13 13 13 13 13 13 
13 13 13 13 13 13 
13 13 13 13 13 13 
13 13 13 13 13 13 
13 13 13 13 13 13 
13 13 13 13 13 13 
13 13 13 13 13 13 
13 13 13 13 13 13 
13 13 13 13 13 13 
13 13 13 13 13 13 
13 13 13 13 13 13 
13 13 13 13 13 13 
13 13 13 13 13 13 
13 13 13 13 13 13 
13 13 13 13 13 13 
13 13 13 13 13 13 
13 13 13 13 13 13 
13 13 13 13 13 13 
13 13 13 13 13 13 
13 13 13 13 13 13 
13 13 13 13 13 13 
13 13 13 13 13 13 
13 13 13 13 13 13 
13 13 13 13 13 13 
13 13 13 13 13 13 
13 13 13 13 13 13 
13 13 13 13 13 13 
13 13 13 13 13 13 
13 13 13 13 13 13 
13 13 13 13 13 13 
13 13 13 13 13 13 
13 13 13 13 13 13 
13 13 13 13 13 13 
13 13 13 13 13 13 
13 13 13 13 13 13 
13 13 13 13 13 13 
13 13 13 13 13 13 
13 13 13 13 13 13 
13 13 13 13 13 13 
13 13 13 13 13 13 
13 13 13 13 13 13 
13 13 13 13 13 13 
13 13 13 13 13 13 
13 13 13 13 13 13 
13 13 13 13 13 13 
13 13 13 13 13 13 
13 13 13 13 13 13 
13 13 13 13 13 13 
13 13 13 13 13 13 
13 13 13 13 13 13 
13 13 13 13 13 13 
13 13 13 13 13 13 
13 13 13 13 13 13 
13 13 13 13 13 13 
13 13 13 13 13 13 
13 13 13 13 13 13 
13 13 13 13 13 13 
13 13 13 13 13 13 
13 13 13 13 13 13 
13 13 13 13 13 13 
13 13 13 13 13 13 
13 13 13 13 13 13 
13 13 13 13 13 13 
13 13 13 13 13 13 
13 13 13 13 13 13 
13 13 13 13 13 13 
13 13 13 13 13 13 
13 13 13 13 13 13 
13 13 13 13 13 13 
13 13 13 13 13 13 
13 13 13 13 13 13 
13 13 13 13 13 13 
13 13 13 13 13 13 
13 13 13 13 13 13 
13 13 13 13 13 13 
13 13 13 13 13 13 
13 13 13 13 13 13 
13 13 13 13 13 13 
13 13 13 13 13 13 
13 13 13 13 13 13 
13 13 13 13 13 13 
13 13 13 13 13 13 
13 13 13 13 13 13 
13 13 13 13 13 13 
13 13 13 13 13 13 
13 13 13 13 13 13 
13 13 13 13 13 13 
13 13 13 13 13 13 
13 13 13 13 13 13 
13 13 13 13 13 13 
13 13 13 13 13 13 
13 13 13 13 13 13 
13 13 13 13 13 13 
13 13 13 13 13 13 
13 13 13 13 13 13 
13 13 13 13 13 13 
13 13 13 13 13 13 
13 13 13 13 13 13 
13 13 13 13 13 13 
13 13 13 13 13 13 
13 13 13 13 13 13 
13 13 13 13 13 13 
13 13 13 13 13 13 
13 13 13 13 13 13 
13 13 13 13 13 13 
13 13 13 13 13 13 
13 13 13 13 13 13 
13 13 13 13 13 13 
13 13 13 13 13 13 
13 13 13 13 13 13 
13 13 13 13 13 13 
13 13 13 13 13 13 
13 13 13 13 13 13 
13 13 13 13 13 13 
13 13 13 13 13 13 
13 13 13 13 13 13 
13 13 13 13 13 13 
13 13 13 13 13 13 
13 13 13 13 13 13 
13 13 13 13 13 13 
13 13 13 13 13 13 
13 13 13 13 13 13 
13 13 13 13 13 13 
13 13 13 13 13 13 
13 13 13 13 13 13 
13 13 13 13 13 13 
13 13 13 13 13 13 
13 13 13 13 13 13 
13 13 13 13 13 13 
13 13 13 13 13 13 
13 13 13 13 13 13 
13 13 13 13 13 13 
13 13 13 13 13 13 
13 13 13 13 13 13 
13 13 13 13 13 13 
13 13 13 13 13 13 
13 13 13 13 13 13 
13 13 13 13 13 13 
13 13 13 13 13 13 
13 13 13 13 13 13 
13 13 13 13 13 13 
13 13 13 13 13 13 
13 13 13 13 13 13 
13 13 13 13 13 13 
13 13 13 13 13 13 
13 13 13 13 13 13 
13 13 13 13 13 13 
13 13 13 13 13 13 
13 13 13 13 13 13 
13 13 13 13 13 13 
13 13 13 13 13 13 
13 13 13 13 13 13 
13 13 13 13 13 13 
13 13 13 13 13 13 
13 13 13 13 13 13 
13 13 13 13 13 13 
13 13 13 13 13 13 
13 13 13 13 13 13 
13 13 13 13 13 13 
13 13 13 13 13 13 
13 13 13 13 13 13 
13 13 13 13 13 13 
13 13 13 13 13 13 
13 13 13 13 13 13 
13 13 13 13 13 13 
13 13 13 13 13 13 
13 13 13 13 13 13 
13 13 13 13 13 13 
13 13 13 13 13 13 
13 13 13 13 13 13 
13 13 13 13 13 13 
13 13 13 13 13 13 
13 13 13 13 13 13 
13 13 13 13 13 13 
13 13 13 13 13 13 
13 13 13 13 13 13 
13 13 13 13 13 13 
13 13 13 13 13 13 
13 13 13 13 13 13 
13 13 13 13 13 13 
13 13 13 13 13 13 
13 13 13 13 13 13 
13 13 13 13 13 13 
13 13 13 13 13 13 
13 13 13 13 13 13 
13 13 13 13 13 13 
13 13 13 13 13 13 
13 13 13 13 13 13 
13 13 13 13 13 13 
13 13 13 13 13 13 
13 13 13 13 13 13 
13 13 13 13 13 13 
13 13 13 13 13 13 
13 13 13 13 13 13 
13 13 13 13 13 13 
13 13 13 13 13 13 
13 13 13 13 13 13 
13 13 13 13 13 13 
13 13 13 13 13 13 
13 13 13 13 13 13 
13 13 13 13 13 13 
13 13 13 13 13 13 
13 13 13 13 13 13 
13 13 13 13 13 13 
13 13 13 13 13 13 
13 13 13 13 13 13 
13 13 13 13 13 13 
13 13 13 13 13 13 
13 13 13 13 13 13 
13 13 13 13 13 13 
13 13 13 13 13 13 
13 13 13 13 13 13 
13 13 13 13 13 13 
13 13 13 13 13 13 
13 13 13 13 13 13 
13 13 13 13 13 13 
13 13 13 13 13 13 
13 13 13 13 13 13 
13 13 13 13 13 13 
13 13 13 13 13 13 
13 13 13 13 13 13 
13 13 13 13 13 13 
13 13 13 13 13 13 
13 13 13 13 13 13 
13 13 13 13 13 13 
13 13 13 13 13 13 
13 13 13 13 13 13 
13 13 13 13 13 13 
13 13 13 13 13 13 
13 13 13 13 13 13 
13 13 13 13 13 13 
13 13 13 13 13 13 
13 13 13 13 13 13 
13 13 13 13 13 13 
13 13 13 13 13 13 
13 13 13 13 13 13 
13 13 13 13 13 13 
13 13 13 13 13 13 
13 13 13 13 13 13 
13 13 13 13 13 13 
13 13 13 13 13 13 
13 13 13 13 13 13 
13 13 13 13 13 13 
13 13 13 13 13 13 
13 13 13 13 13 13 
13 13 13 13 13 13 
13 13 13 13 13 13 
13 13 13 13 13 13 
13 13 13 13 13 13 
13 13 13 13 13 13 
13 13 13 13 13 13 
13 13 13 13 13 13 
13 13 13 13 13 13 
13 13 13 13 13 13 
13 13 13 13 13 13 
13 13 13 13 13 13 
13 13 13 13 13 13 
13 13 13 13 13 13 
13 13 13 13 13 13 
13 13 13 13 13 13 
13 13 13 13 13 13 
13 13 13 13 13 13 
13 13 13 13 13 13 
13 13 13 13 13 13 
13 13 13 13 13 13 
13 13 13 13 13 13 
13 13 13 13 13 13 
13 13 13 13 13 13 
13 13 13 13 13 13 
13 13 13 13 13 13 
13 13 13 13 13 13 
13 13 13 13 13 13 
13 13 13 13 13 13 
13 13 13 13 13 13 
13 13 13 13 13 13 
13 13 13 13 13 13 
13 13 13 13 13 13 
13 13 13 13 13 13 
13 13 13 13 13 13 
13 13 13 13 13 13 
13 13 13 13 13 13 
13 13 13 13 13 13 
13 13 13 13 13 13 
13 13 13 13 13 13 
13 13 13 13 13 13 
13 13 13 13 13 13 
13 13 13 13 13 13 
13 13 13 13 13 13 
13 13 13 13 13 13 
13 13 13 13 13 13 
13 13 13 13 13 13 
13 13 13 13 13 13 
13 13 13 13 13 13 
13 13 13 13 13 13 
13 13 13 13 13 13 
13 13 13 13 13 13 
13 13 13 13 13 13 
13 13 13 13 13 13 
13 13 13 13 13 13 
13 13 13 13 13 13 
13 13 13 13 13 13 
13 13 13 13 13 13 
13 13 13 13 13 13 
13 13 13 13 13 13 
13 13 13 13 13 13 
13 13 13 13 13 13 
13 13 13 13 13 13 
13 13 13 13 13 13 
13 13 13 13 13 13 
13 13 13 13 13 13 
13 13 13 13 13 13 
13 13 13 13 13 13 
13 13 13 13 13 13 
13 13 13 13 13 13 
13 13 13 13 13 13 
13 13 13 13 13 13 
13 13 13 13 13 13 
13 13 13 13 13 13 
13 13 13 13 13 13 
13 13 13 13 13 13 
13 13 13 13 13 13 
13 13 13 13 13 13 
13 13 13 13 13 13 
13 13 13 13 13 13 
13 13 13 13 13 13 
13 13 13 13 13 13 
13 13 13 13 13 13 
13 13 13 13 13 13 
13 13 13 13 13 13 
13 13 13 13 13 13 
13 13 13 13 13 13 
13 13 13 13 13 13 
13 13 13 13 13 13 
13 13 13 13 13 13 
13 13 13 13 13 13 
13 13 13 13 13 13 
13 13 13 13 13 13 
13 13 13 13 13 13 
13 13 13 13 13 13 
13 13 13 13 13 13 
13 13 13 13 13 13 
13 13 13 13 13 13 
13 13 13 13 13 13 
13 13 13 13 13 13 
13 13 13 13 13 13 
13 13 13 13 13 13 
13 13 13 13 13 13 
13 13 13 13 13 13 
13 13 13 13 13 13 
13 13 13 13 13 13 
13 13 13 13 13 13 
13 13 13 13 13 13 
13 13 13 13 13 13 
13 13 13 13 13 13 
13 13 13 13 13 13 
13 13 13 13 13 13 
13 13 13 13 13 13 
13 13 13 13 13 13 
13 13 13 13 13 13 
13 13 13 13 13 13 
13 13 13 13 13 13 
13 13 13 13 13 13 
13 13 13 13 13 13 
13 13 13 13 13 13 
13 13 13 13 13 13 
13 13 13 13 13 13 
13 13 13 13 13 13 
13 13 13 13 13 13 
13 13 13 13 13 13 
13 13 13 13 13 13 
13 13 13 13 13 13 
13 13 13 13 13 13 
13 13 13 13 13 13 
13 13 13 13 13 13 
13 13 13 13 13 13 
13 13 13 13 13 13 
13 13 13 13 13 13 
13 13 13 13 13 13 
13 13 13 13 13 13 
13 13 13 13 13 13 
13 13 13 13 13 13 
13 13 13 13 13 13 
13 13 13 13 13 13 
13 13 13 13 13 13 
13 13 13 13 13 13 
13 13 13 13 13 13 
13 13 13 13 13 13 
13 13 13 13 13 13 
13 13 13 13 13 13 
13 13 13 13 13 13 
13 13 13 13 13 13 
13 13 13 13 13 13 
13 13 13 13 13 13 
13 13 13 13 13 13 
13 13 13 13 13 13 
13 13 13 13 13 13 
13 13 13 13 13 13 
13 13 13 13 13 13 
13 13 13 13 13 13 
13 13 13 13 13 13 
13 13 13 13 13 13 
13 13 13 13 13 13 
13 13 13 13 13 13 
13 13 13 13 13 13 
13 13 13 13 13 13 
13 13 13 13 13 13 
13 13 13 13 13 13 
13 13 13 13 13 13 
13 13 13 13 13 13 
13 13 13 13 13 13 
13 13 13 13 13 13 
13 13 13 13 13 13 
13 13 13 13 13 13 
13 13 13 13 13 13 
13 13 13 13 13 13 
13 13 13 13 13 13 
13 13 13 13 13 13 
13 13 13 13 13 13 
13 13 13 13 13 13 
13 13 13 13 13 13 
13 13 13 13 13 13 
13 13 13 13 13 13 
13 13 13 13 13 13 
13 13 13 13 13 13 
13 13 13 13 13 13 
13 13 13 13 13 13 
13 13 13 13 13 13 
13 13 13 13 13 13 
13 13 13 13 13 13 
13 13 13 13 13 13 
13 13 13 13 13 13 
13 13 13 13 13 13 
13 13 13 13 13 13 
13 13 13 13 13 13 
13 13 13 13 13 13 
13 13 13 13 13 13 
13 13 13 13 13 13 
13 13 13 13 13 13 
13 13 13 13 13 13 
13 13 13 13 13 13 
13 13 13 13 13 13 
13 13 13 13 13 13 
13 13 13 13 13 13 
13 13 13 13 13 13 
13 13 13 13 13 13 
13 13 13 13 13 13 
13 13 13 13 13 13 
13 13 13 13 13 13 
13 13 13 13 13 13 
13 13 13 13 13 13 
13 13 13 13 13 13 
13 13 13 13 13 13 
13 13 13 13 13 13 
13 13 13 13 13 13 
13 13 13 13 13 13 
13 13 13 13 13 13 
13 13 13 13 13 13 
13 13 13 13 13 13 
13 13 13 13 13 13 
13 13 13 13 13 13 
13 13 13 13 13 13 
13 13 13 13 13 13 
13 13 13 13 13 13 
13 13 13 13 13 13 
13 13 13 13 13 13 
13 13 13 13 13 13 
13 13 13 13 13 13 
13 13 13 13 13 13 
13 13 13 13 13 13 
13 13 13 13 13 13 
13 13 13 13 13 13 
13 13 13 13 13 13 
13 13 13 13 13 13 
13 13 13 13 13 13 
13 13 13 13 13 13 
13 13 13 13 13 13 
13 13 13 13 13 13 
13 13 13 13 13 13 
13 13 13 13 13 13 
13 13 13 13 13 13 
13 13 13 13 13 13 
13 13 13 13 13 13 
13 13 13 13 13 13 
13 13 13 13 13 13 
13 13 13 13 13 13 
13 13 13 13 13 13 
13 13 13 13 13 13 
13 13 13 13 13 13 
13 13 13 13 13 13 
13 13 13 13 13 13 
13 13 13 13 13 13 
13 13 13 13 13 13 
13 13 13 13 13 13 
13 13 13 13 13 13 
13 13 13 13 13 13 
13 13 13 13 13 13 
13 13 13 13 13 13 
13 13 13 13 13 13 
13 13 13 13 13 13 
13 13 13 13 13 13 
13 13 13 13 13 13 
13 13 13 13 13 13 
13 13 13 13 13 13 
13 13 13 13 13 13 
13 13 13 13 13 13 
13 13 13 13 13 13 
13 13 13 13 13 13 
13 13 13 13 13 13 
13 13 13 13 13 13 
13 13 13 13 13 13 
13 13 13 13 13 13 
13 13 13 13 13 13 
13 13 13 13 13 13 
13 13 13 13 13 13 
13 13 13 13 13 13 
13 13 13 13 13 13 
13 13 13 13 13 13 
13 13 13 13 13 13 
13 13 13 13 13 13 
13 13 13 13 13 13 
13 13 13 13 13 13 
13 13 13 13 13 13 
13 13 13 13 13 13 
13 13 13 13 13 13 
13 13 13 13 13 13 
13 13 13 13 13 13 
13 13 13 13 13 13 
13 13 13 13 13 13 
13 13 13 13 13 13 
13 13 13 13 13 13 
13 13 13 13 13 13 
13 13 13 13 13 13 
13 13 13 13 13 13 
13 13 13 13 13 13 
13 13 13 13 13 13 
13 13 13 13 13 13 
13 13 13 13 13 13 
13 13 13 13 13 13 
13 13 13 13 13 13 
13 13 13 13 13 13 
13 13 13 13 13 13 
13 13 13 13 13 13 
13 13 13 13 13 13 
13 13 13 13 13 13 
13 13 13 13 13 13 
13 13 13 13 13 13 
13 13 13 13 13 13 
13 13 13 13 13 13 
13 13 13 13 13 13 
13 13 13 13 13 13 
13 13 13 13 13 13 
13 13 13 13 13 13 
13 13 13 13 13 13 
13 13 13 13 13 13 
13 13 13 13 13 13 
13 13 13 13 13 13 
13 13 13 13 13 13 
13 13 13 13 13 13 
13 13 13 13 13 13 
13 13 13 13 13 13 
13 13 13 13 13 13 
13 13 13 13 13 13 
13 13 13 13 13 13 
13 13 13 13 13 13 
13 13 13 13 13 13 
13 13 13 13 13 13 
13 13 13 13 13 13 
13 13 13 13 13 13 
13 13 13 13 13 13 
13 13 13 13 13 13 
13 13 13 13 13 13 
13 13 13 13 13 13 
13 13 13 13 13 13 
13 13 13 13 13 13 
13 13 13 13 13 13 
13 13 13 13 13 13 
13 13 13 13 13 13 
13 13 13 13 13 13 
13 13 13 13 13 13 
13 13 13 13 13 13 
13 13 13 13 13 13 
13 13 13 13 13 13 
13 13 13 13 13 13 
13 13 13 13 13 13 
13 13 13 13 13 13 
13 13 13 13 13 13 
13 13 13 13 13 13 
13 13 13 13 13 13 
13 13 13 13 13 13 
13 13 13 13 13 13 
13 13 13 13 13 13 
13 13 13 13 13 13 
13 13 13 13 13 13 
13 13 13 13 13 13 
13 13 13 13 13 13 
13 13 13 13 13 13 
13 13 13 13 13 13 
13 13 13 13 13 13 
13 13 13 13 13 13 
13 13 13 13 13 13 
13 13 13 13 13 13 
13 13 13 13 13 13 
13 13 13 13 13 13 
13 13 13 13 13 13 
13 13 13 13 13 13 
13 13 13 13 13 13 
13 13 13 13 13 13 
13 13 13 13 13 13 
13 13 13 13 13 13 
13 13 13 13 13 13 
13 13 13 13 13 13 
13 13 13 13 13 13 
13 13 13 13 13 13 
13 13 13 13 13 13 
13 13 13 13 13 13 
13 13 13 13 13 13 
13 13 13 13 13 13 
13 13 13 13 13 13 
13 13 13 13 13 13 
13 13 13 13 13 13 
13 13 13 13 13 13 
13 13 13 13 13 13 
13 13 13 13 13 13 
13 13 13 13 13 13 
13 13 13 13 13 13 
13 13 13 13 13 13 
13 13 13 13 13 13 
13 13 13 13 13 13 
13 13 13 13 13 13 
13 13 13 13 13 13 
13 13 13 13 13 13 
13 13 13 13 13 13 
13 13 13 13 13 13 
13 13 13 13 13 13 
13 13 13 13 13 13 
13 13 13 13 13 13 
13 13 13 13 13 13 
13 13 13 13 13 13 
13 13 13 13 13 13 
13 13 13 13 13 13 
13 13 13 13 13 13 
13 13 13 13 13 13 
13 13 13 13 13 13 
13 13 13 13 13 13 
13 13 13 13 13 13 
13 13 13 13 13 13 
13 13 13 13 13 13 
13 13 13 13 13 13 
13 13 13 13 13 13 
13 13 13 13 13 13 
13 13 13 13 13 13 
13 13 13 13 13 13 
13 13 13 13 13 13 
13 13 13 13 13 13 
13 13 13 13 13 13 
13 13 13 13 13 13 
13 13 13 13 13 13 
13 13 13 13 13 13 
13 13 13 13 13 13 
13 13 13 13 13 13 
13 13 13 13 13 13 
13 13 13 13 13 13 
13 13 13 13 13 13 
13 13 13 13 13 13 
13 13 13 13 13 13 
13 13 13 13 13 13 
13 13 13 13 13 13 
13 13 13 13 13 13 
13 13 13 13 13 13 
13 13 13 13 13 13 
13 13 13 13 13 13 
13 13 13 13 13 13 
13 13 13 13 13 13 
13 13 13 13 13 13 
13 13 13 13 13 13 
13 13 13 13 13 13 
13 13 13 13 13 13 
13 13 13 13 13 13 
13 13 13 13 13 13 
13 13 13 13 13 13 
13 13 13 13 13 13 
13 13 13 13 13 13 
13 13 13 13 13 13 
13 13 13 13 13 13 
13 13 13 13 13 13 
13 13 13 13 13 13 
13 13 13 13 13 13 
13 13 13 13 13 13 
13 13 13 13 13 13 
13 13 13 13 13 13 
13 13 13 13 13 13 
13 13 13 13 13 13 
13 13 13 13 13 13 
13 13 13 13 13 13 
13 13 13 13 13 13 
13 13 13 13 13 13 
13 13 13 13 13 13 
13 13 13 13 13 13 
13 13 13 13 13 13 
13 13 13 13 13 13 
13 13 13 13 13 13 
13 13 13 13 13 13 
13 13 13 13 13 13 
13 13 13 13 13 13 
13 13 13 13 13 13 
13 13 13 13 13 13 
13 13 13 13 13 13 
13 13 13 13 13 13 
13 13 13 13 13 13 
13 13 13 13 13 13 
13 13 13 13 13 13 
13 13 13 13 13 13 
13 13 13 13 13 13 
13 13 13 13 13 13 
13 13 13 13 13 13 
13 13 13 13 13 13 
13 13 13 13 13 13 
13 13 13 13 13 13 
13 13 13 13 13 13 
13 13 13 13 13 13 
13 13 13 13 13 13 
13 13 13 13 13 13 
13 13 13 13 13 13 
13 13 13 13 13 13 
13 13 13 13 13 13 
13 13 13 13 13 13 
13 13 13 13 13 13 
13 13 13 13 13 13 
13 13 13 13 13 13 
13 13 13 13 13 13 
13 13 13 13 13 13 
13 13 13 13 13 13 
13 13 13 13 13 13 
13 13 13 13 13 13 
13 13 13 13 13 13 
13 13 13 13 13 13 
13 13 13 13 13 13 
13 13 13 13 13 13 
13 13 13 13 13 13 
13 13 13 13 13 13 
13 13 13 13 13 13 
13 13 13 13 13 13 
13 13 13 13 13 13 
13 13 13 13 13 13 
13 13 13 13 13 13 
13 13 13 13 13 13 
13 13 13 13 13 13 
13 13 13 13 13 13 
13 13 13 13 13 13 
13 13 13 13 13 13 
13 13 13 13 13 13 
13 13 13 13 13 13 
13 13 13 13 13 13 
13 13 13 13 13 13 
13 13 13 13 13 13 
13 13 13 13 13 13 
13 13 13 13 13 13 
13 13 13 13 13 13 
13 13 13 13 13 13 
13 13 13 13 13 13 
13 13 13 13 13 13 
13 13 13 13 13 13 
13 13 13 13 13 13 
13 13 13 13 13 13 
13 13 13 13 13 13 
13 13 13 13 13 13 
13 13 13 13 13 13 
13 13 13 13 13 13 
13 13 13 13 13 13 
13 13 13 13 13 13 
13 13 13 13 13 13 
13 13 13 13 13 13 
13 13 13 13 13 13 
13 13 13 13 13 13 
13 13 13 13 13 13 
13 13 13 13 13 13 
13 13 13 13 13 13 
13 13 13 13 13 13 
13 13 13 13 13 13 
13 13 13 13 13 13 
13 13 13 13 13 13 
13 13 13 13 13 13 
13 13 13 13 13 13 
13 13 13 13 13 13 
13 13 13 13 13 13 
13 13 13 13 13 13 
13 13 13 13 13 13 
13 13 13 13 13 13 
13 13 13 13 13 13 
13 13 13 13 13 13 
13 13 13 13 13 13 
13 13 13 13 13 13 
13 13 13 13 13 13 
13 13 13 13 13 13 
13 13 13 13 13 13 
13 13 13 13 13 13 
13 13 13 13 13 13 
13 13 13 13 13 13 
13 13 13 13 13 13 
13 13 13 13 13 13 
13 13 13 13 13 13 
13 13 13 13 13 13 
13 13 13 13 13 13 
13 13 13 13 13 13 
13 13 13 13 13 13 
13 13 13 13 13 13 
13 13 13 13 13 13 
13 13 13 13 13 13 
13 13 13 13 13 13 
13 13 13 13 13 13 
13 13 13 13 13 13 
13 13 13 13 13 13 
13 13 13 13 13 13 
13 13 13 13 13 13 
13 13 13 13 13 13 
13 13 13 13 13 13 
13 13 13 13 13 13 
13 13 13 13 13 13 
13 13 13 13 13 13 
13 13 13 13 13 13 
13 13 13 13 13 13 
13 13 13 13 13 13 
13 13 13 13 13 13 
13 13 13 13 13 13 
13 13 13 13 13 13 
13 13 13 13 13 13 
13 13 13 13 13 13 
13 13 13 13 13 13 
13 13 13 13 13 13 
13 13 13 13 13 13 
13 13 13 13 13 13 
13 13 13 13 13 13 
13 13 13 13 13 13 
13 13 13 13 13 13 
13 13 13 13 13 13 
13 13 13 13 13 13 
13 13 13 13 13 13 
13 13 13 13 13 13 
13 13 13 13 13 13 
13 13 13 13 13 13 
13 13 13 13 13 13 
13 13 13 13 13 13 
13 13 13 13 13 13 
13 13 13 13 13 13 
13 13 13 13 13 13 
13 13 13 13 13 13 
13 13 13 13 13 13 
13 13 13 13 13 13 
13 13 13 13 13 13 
13 13 13 13 13 13 
13 13 13 13 13 13 
13 13 13 13 13 13 
13 13 13 13 13 13 
13 13 13 13 13 13 
13 13 13 13 13 13 
13 13 13 13 13 13 
13 13 13 13 13 13 
13 13 13 13 13 13 
13 13 13 13 13 13 
13 13 13 13 13 13 
13 13 13 13 13 13 
13 13 13 13 13 13 
13 13 13 13 13 13 
13 13 13 13 13 13 
13 13 13 13 13 13 
13 13 13 13 13 13 
13 13 13 13 13 13 
13 13 13 13 13 13 
13 13 13 13 13 13 
13 13 13 13 13 13 
13 13 13 13 13 13 
13 13 13 13 13 13 
13 13 13 13 13 13 
13 13 13 13 13 13 
13 13 13 13 13 13 
13 13 13 13 13 13 
13 13 13 13 13 13 
13 13 13 13 13 13 
13 13 13 13 13 13 
13 13 13 13 13 13 
13 13 13 13 13 13 
13 13 13 13 13 13 
13 13 13 13 13 13 
13 13 13 13 13 13 
13 13 13 13 13 13 
13 13 13 13 13 13 
13 13 13 13 13 13 
13 13 13 13 13 13 
13 13 13 13 13 13 
13 13 13 13 13 13 
13 13 13 13 13 13 
13 13 13 13 13 13 
13 13 13 13 13 13 
13 13 13 13 13 13 
13 13 13 13 13 13 
13 13 13 13 13 13 
13 13 13 13 13 13 
13 13 13 13 13 13 
13 13 13 13 13 13 
13 13 13 13 13 13 
13 13 13 13 13 13 
13 13 13 13 13 13 
13 13 13 13 13 13 
13 13 13 13 13 13 
13 13 13 13 13 13 
13 13 13 13 13 13 
13 13 13 13 13 13 
13 13 13 13 13 13 
13 13 13 13 13 13 
13 13 13 13 13 13 
13 13 13 13 13 13 
13 13 13 13 13 13 
13 13 13 13 13 13 
13 13 13 13 13 13 
13 13 13 13 13 13 
13 13 13 13 13 13 
13 13 13 13 13 13 
13 13 13 13 13 13 
13 13 13 13 13 13 
13 13 13 13 13 13 
13 13 13 13 13 13 
13 13 13 13 13 13 
13 13 13 13 13 13 
13 13 13 13 13 13 
13 13 13 13 13 13 
13 13 13 13 13 13 
13 13 13 13 13 13 
13 13 13 13 13 13 
13 13 13 13 13 13 
13 13 13 13 13 13 
13 13 13 13 13 13 
13 13 13 13 13 13 
13 13 13 13 13 13 
13 13 13 13 13 13 
13 13 13 13 13 13 
13 13 13 13 13 13 
13 13 13 13 13 13 
13 13 13 13 13 13 
13 13 13 13 13 13 
13 13 13 13 13 13 
13 13 13 13 13 13 
13 13 13 13 13 13 
13 13 13 13 13 13 
13 13 13 13 13 13 
13 13 13 13 13 13 
13 13 13 13 13 13 
13 13 13 13 13 13 
13 13 13 13 13 13 
13 13 13 13 13 13 
13 13 13 13 13 13 
13 13 13 13 13 13 
13 13 13 13 13 13 
13 13 13 13 13 13 
13 13 13 13 13 13 
13 13 13 13 13 13 
13 13 13 13 13 13 
13 13 13 13 13 13 
13 13 13 13 13 13 
13 13 13 13 13 13 
13 13 13 13 13 13 
13 13 13 13 13 13 
13 13 13 13 13 13 
13 13 13 13 13 13 
13 13 13 13 13 13 
13 13 13 13 13 13 
13 13 13 13 13 13 
13 13 13 13 13 13 
13 13 13 13 13 13 
13 13 13 13 13 13 
13 13 13 13 13 13 
13 13 13 13 13 13 
13 13 13 13 13 13 
13 13 13 13 13 13 
13 13 13 13 13 13 
13 13 13 13 13 13 
13 13 13 13 13 13 
13 13 13 13 13 13 
13 13 13 13 13 13 
13 13 13 13 13 13 
13 13 13 13 13 13 
13 13 13 13 13 13 
13 13 13 13 13 13 
13 13 13 13 13 13 
13 13 13 13 13 13 
13 13 13 13 13 13 
13 13 13 13 13 13 
13 13 13 13 13 13 
13 13 13 13 13 13 
13 13 13 13 13 13 
13 13 13 13 13 13 
13 13 13 13 13 13 
13 13 13 13 13 13 
13 13 13 13 13 13 
13 13 13 13 13 13 
13 13 13 13 13 13 
13 13 13 13 13 13 
13 13 13 13 13 13 
13 13 13 13 13 13 
13 13 13 13 13 13 
13 13 13 13 13 13 
13 13 13 13 13 13 
13 13 13 13 13 13 
13 13 13 13 13 13 
13 13 13 13 13 13 
13 13 13 13 13 13 
13 13 13 13 13 13 
13 13 13 13 13 13 
13 13 13 13 13 13 
13 13 13 13 13 13 
13 13 13 13 13 13 
13 13 13 13 13 13 
13 13 13 13 13 13 
13 13 13 13 13 13 
13 13 13 13 13 13 
13 13 13 13 13 13 
13 13 13 13 13 13 
13 13 13 13 13 13 
13 13 13 13 13 13 
13 13 13 13 13 13 
13 13 13 13 13 13 
13 13 13 13 13 13 
13 13 13 13 13 13 
13 13 13 13 13 13 
13 13 13 13 13 13 
13 13 13 13 13 13 
13 13 13 13 13 13 
13 13 13 13 13 13 
13 13 13 13 13 13 
13 13 13 13 13 13 
13 13 13 13 13 13 
13 13 13 13 13 13 
13 13 13 13 13 13 
13 13 13 13 13 13 
13 13 13 13 13 13 
13 13 13 13 13 13 
13 13 13 13 13 13 
13 13 13 13 13 13 
13 13 13 13 13 13 
13 13 13 13 13 13 
13 13 13 13 13 13 
13 13 13 13 13 13 
13 13 13 13 13 13 
13 13 13 13 13 13 
13 13 13 13 13 13 
13 13 13 13 13 13 
13 13 13 13 13 13 
13 13 13 13 13 13 
13 13 13 13 13 13 
13 13 13 13 13 13 
13 13 13 13 13 13 
13 13 13 13 13 13 
13 13 13 13 13 13 
13 13 13 13 13 13 
13 13 13 13 13 13 
13 13 13 13 13 13 
13 13 13 13 13 13 
13 13 13 13 13 13 
13 13 13 13 13 13 
13 13 13 13 13 13 
13 13 13 13 13 13 
13 13 13 13 13 13 
13 13 13 13 13 13 
13 13 13 13 13 13 
13 13 13 13 13 13 
13 13 13 13 13 13 
13 13 13 13 13 13 
13 13 13 13 13 13 
13 13 13 13 13 13 
13 13 13 13 13 13 
13 13 13 13 13 13 
13 13 13 13 13 13 
13 13 13 13 13 13 
13 13 13 13 13 13 
13 13 13 13 13 13 
13 13 13 13 13 13 
13 13 13 13 13 13 
13 13 13 13 13 13 
13 13 13 13 13 13 
13 13 13 13 13 13 
13 13 13 13 13 13 
13 13 13 13 13 13 
13 13 13 13 13 13 
13 13 13 13 13 13 
13 13 13 13 13 13 
13 13 13 13 13 13 
13 13 13 13 13 13 
13 13 13 13 13 13 
13 13 13 13 13 13 
13 13 13 13 13 13 
13 13 13 13 13 13 
13 13 13 13 13 13 
13 13 13 13 13 13 
13 13 13 13 13 13 
13 13 13 13 13 13 
13 13 13 13 13 13 
13 13 13 13 13 13 
13 13 13 13 13 13 
13 13 13 13 13 13 
13 13 13 13 13 13 
13 13 13 13 13 13 
13 13 13 13 13 13 
13 13 13 13 13 13 
13 13 13 13 13 13 
13 13 13 13 13 13 
13 13 13 13 13 13 
13 13 13 13 13 13 
13 13 13 13 13 13 
13 13 13 13 13 13 
13 13 13 13 13 13 
13 13 13 13 13 13 
13 13 13 13 13 13 
13 13 13 13 13 13 
13 13 13 13 13 13 
13 13 13 13 13 13 
13 13 13 13 13 13 
13 13 13 13 13 13 
13 13 13 13 13 13 
13 13 13 13 13 13 
13 13 13 13 13 13 
13 13 13 13 13 13 
13 13 13 13 13 13 
13 13 13 13 13 13 
13 13 13 13 13 13 
13 13 13 13 13 13 
13 13 13 13 13 13 
13 13 13 13 13 13 
13 13 13 13 13 13 
13 13 13 13 13 13 
13 13 13 13 13 13 
13 13 13 13 13 13 
13 13 13 13 13 13 
13 13 13 13 13 13 
13 13 13 13 13 13 
13 13 13 13 13 13 
13 13 13 13 13 13 
13 13 13 13 13 13 
13 13 13 13 13 13 
13 13 13 13 13 13 
13 13 13 13 13 13 
13 13 13 13 13 13 
13 13 13 13 13 13 
13 13 13 13 13 13 
13 13 13 13 13 13 
13 13 13 13 13 13 
13 13 13 13 13 13 
13 13 13 13 13 13 
13 13 13 13 13 13 
13 13 13 13 13 13 
13 13 13 13 13 13 
13 13 13 13 13 13 
13 13 13 13 13 13 
13 13 13 13 13 13 
13 13 13 13 13 13 
13 13 13 13 13 13 
13 13 13 13 13 13 
13 13 13 13 13 13 
13 13 13 13 13 13 
13 13 13 13 13 13 
13 13 13 13 13 13 
13 13 13 13 13 13 
13 13 13 13 13 13 
13 13 13 13 13 13 
13 13 13 13 13 13 
13 13 13 13 13 13 
13 13 13 13 13 13 
13 13 13 13 13 13 
13 13 13 13 13 13 
13 13 13 13 13 13 
13 13 13 13 13 13 
13 13 13 13 13 13 
13 13 13 13 13 13 
13 13 13 13 13 13 
13 13 13 13 13 13 
13 13 13 13 13 13 
13 13 13 13 13 13 
13 13 13 13 13 13 
13 13 13 13 13 13 
13 13 13 13 13 13 
13 13 13 13 13 13 
13 13 13 13 13 13 
13 13 13 13 13 13 
13 13 13 13 13 13 
13 13 13 13 13 13 
13 13 13 13 13 13 
13 13 13 13 13 13 
13 13 13 13 13 13 
13 13 13 13 13 13 
13 13 13 13 13 13 
13 13 13 13 13 13 
13 13 13 13 13 13 
13 13 13 13 13 13 
13 13 13 13 13 13 
13 13 13 13 13 13 
13 13 13 13 13 13 
13 13 13 13 13 13 
13 13 13 13 13 13 
13 13 13 13 13 13 
13 13 13 13 13 13 
13 13 13 13 13 13 
13 13 13 13 13 13 
13 13 13 13 13 13 
13 13 13 13 13 13 
13 13 13 13 13 13 
13 13 13 13 13 13 
13 13 13 13 13 13 
13 13 13 13 13 13 
13 13 13 13 13 13 
13 13 13 13 13 13 
13 13 13 13 13 13 
13 13 13 13 13 13 
13 13 13 13 13 13 
13 13 13 13 13 13 
13 13 13 13 13 13 
13 13 13 13 13 13 
13 13 13 13 13 13 
13 13 13 13 13 13 
13 13 13 13 13 13 
13 13 13 13 13 13 
13 13 13 13 13 13 
13 13 13 13 13 13 
13 13 13 13 13 13 
13 13 13 13 13 13 
13 13 13 13 13 13 
13 13 13 13 13 13 
13 13 13 13 13 13 
13 13 13 13 13 13 
13 13 13 13 13 13 
13 13 13 13 13 13 
13 13 13 13 13 13 
13 13 13 13 13 13 
13 13 13 13 13 13 
13 13 13 13 13 13 
13 13 13 13 13 13 
13 13 13 13 13 13 
13 13 13 13 13 13 
13 13 13 13 13 13 
13 13 13 13 13 13 
13 13 13 13 13 13 
13 13 13 13 13 13 
13 13 13 13 13 13 
13 13 13 13 13 13 
13 13 13 13 13 13 
13 13 13 13 13 13 
13 13 13 13 13 13 
13 13 13 13 13 13 
13 13 13 13 13 13 
13 13 13 13 13 13 
13 13 13 13 13 13 
13 13 13 13 13 13 
13 13 13 13 13 13 
13 13 13 13 13 13 
13 13 13 13 13 13 
13 13 13 13 13 13 
13 13 13 13 13 13 
13 13 13 13 13 13 
13 13 13 13 13 13 
13 13 13 13 13 13 
13 13 13 13 13 13 
13 13 13 13 13 13 
13 13 13 13 13 13 
13 13 13 13 13 13 
13 13 13 13 13 13 
13 13 13 13 13 13 
13 13 13 13 13 13 
13 13 13 13 13 13 
13 13 13 13 13 13 
13 13 13 13 13 13 
13 13 13 13 13 13 
13 13 13 13 13 13 
13 13 13 13 13 13 
13 13 13 13 13 13 
13 13 13 13 13 13 
13 13 13 13 13 13 
13 13 13 13 13 13 
13 13 13 13 13 13 
13 13 13 13 13 13 
13 13 13 13 13 13 
13 13 13 13 13 13 
13 13 13 13 13 13 
13 13 13 13 13 13 
13 13 13 13 13 13 
13 13 13 13 13 13 
13 13 13 13 13 13 
13 13 13 13 13 13 
13 13 13 13 13 13 
13 13 13 13 13 13 
13 13 13 13 13 13 
13 13 13 13 13 13 
13 13 13 13 13 13 
13 13 13 13 13 13 
13 13 13 13 13 13 
13 13 13 13 13 13 
13 13 13 13 13 13 
13 13 13 13 13 13 
13 13 13 13 13 13 
13 13 13 13 13 13 
13 13 13 13 13 13 
13 13 13 13 13 13 
13 13 13 13 13 13 
13 13 13 13 13 13 
13 13 13 13 13 13 
13 13 13 13 13 13 
13 13 13 13 13 13 
13 13 13 13 13 13 
13 13 13 13 13 13 
13 13 13 13 13 13 
13 13 13 13 13 13 
13 13 13 13 13 13 
13 13 13 13 13 13 
13 13 13 13 13 13 
13 13 13 13 13 13 
13 13 13 13 13 13 
13 13 13 13 13 13 
13 13 13 13 13 13 
13 13 13 13 13 13 
13 13 13 13 13 13 
13 13 13 13 13 13 
13 13 13 13 13 13 
13 13 13 13 13 13 
13 13 13 13 13 13 
13 13 13 13 13 13 
13 13 13 13 13 13 
13 13 13 13 13 13 
13 13 13 13 13 13 
13 13 13 13 13 13 
13 13 13 13 13 13 
13 13 13 13 13 13 
13 13 13 13 13 13 
13 13 13 13 13 13 
13 13 13 13 13 13 
13 13 13 13 13 13 
13 13 13 13 13 13 
13 13 13 13 13 13 
13 13 13 13 13 13 
13 13 13 13 13 13 
13 13 13 13 13 13 
13 13 13 13 13 13 
13 13 13 13 13 13 
13 13 13 13 13 13 
13 13 13 13 13 13 
13 13 13 13 13 13 
13 13 13 13 13 13 
13 13 13 13 13 13 
13 13 13 13 13 13 
att
1 0 1 0 0 0 
1 1 1 0 0 0 
1 0 0 0 0 0 
0 1 0 0 0 0 
0 0 1 0 0 0 
0 0 1 0 0 0 
1 1 0 0 0 0 
0 0 0 1 1 1 
0 0 0 1 1 1 
0 0 0 1 0 1 
0 0 0 1 1 0 
0 0 0 0 1 0 
0 0 0 1 1 1 
0 0 0 1 1 1 
0 0 0 0 1 0 
0 0 0 0 0 1 
0 0 0 1 1 1 
0 0 0 1 1 1 
0 0 0 1 1 1 
0 0 0 1 0 1 
