0.0
2098.0
751.0
2454.0
1681.0
1231.0
3711.0
905.0
1155.0
610.0
1329.0
6550.0
1336.0
790.0
3226.0
79.0
7164.0
4505.0
5187.0
1138.0
1891.0
1967.0
1054.0
882.0
419.0
1444.0
898.0
2045.0
1906.0
5636.0
6559.0
7870.0
2181.0
8890.0
2827.0
3521.0
10.0
101.0
42.0
184.0
1282.0
1344.0
3345.0
2793.0
843.0
1116.0
4492.0
6509.0
89.0
4329.0
4506.0
2979.0
1006.0
4211.0
3225.0
4373.0
407.0
504.0
5218.0
1173.0
1059.0
1482.0
4463.0
685.0
1809.0
4626.0
81.0
2558.0
892.0
3165.0
2408.0
193.0
1086.0
4612.0
2166.0
1356.0
4611.0
7654.0
3354.0
4904.0
18.0
6748.0
4322.0
554.0
415.0
6080.0
2983.0
373.0
554.0
2703.0
471.0
2935.0
1805.0
5230.0
3075.0
970.0
858.0
691.0
6059.0
301.0
2.0
96.0
2089.0
1240.0
45.0
5517.0
4413.0
4256.0
1457.0
5472.0
1032.0
4720.0
394.0
51.0
627.0
2684.0
1183.0
866.0
3513.0
1742.0
1443.0
5364.0
3293.0
1701.0
1425.0
218.0
1714.0
1585.0
1538.0
192.0
5774.0
40.0
613.0
4758.0
5729.0
862.0
1401.0
1514.0
1424.0
6459.0
4127.0
2697.0
5064.0
7705.0
250.0
2649.0
808.0
23.0
153.0
2711.0
375.0
33.0
457.0
2578.0
2716.0
906.0
560.0
2376.0
1572.0
6388.0
1.0
3111.0
1518.0
3132.0
3516.0
1393.0
824.0
966.0
3914.0
3500.0
150.0
54.0
4428.0
1443.0
1307.0
301.0
781.0
4639.0
8513.0
994.0
106.0
2131.0
3518.0
2253.0
1195.0
634.0
2463.0
5050.0
2892.0
110.0
444.0
2990.0
2776.0
442.0
602.0
1768.0
3103.0
1257.0
132.0
3193.0
147.0
33.0
5810.0
5239.0
6001.0
1951.0
273.0
685.0
1748.0
1146.0
3254.0
522.0
1213.0
2853.0
282.0
541.0
1964.0
522.0
1900.0
1884.0
2187.0
340.0
3725.0
3229.0
5730.0
5208.0
436.0
2790.0
22.0
835.0
950.0
1262.0
5153.0
1726.0
7843.0
1552.0
337.0
3418.0
1019.0
1951.0
3943.0
2401.0
5030.0
2245.0
933.0
1293.0
4110.0
792.0
2659.0
5634.0
883.0
4709.0
6265.0
2531.0
456.0
713.0
3150.0
3060.0
4536.0
5566.0
556.0
121.0
909.0
4854.0
7777.0
4839.0
4912.0
31.0
8018.0
1456.0
6379.0
675.0
1692.0
263.0
34.0
1702.0
3330.0
2493.0
1620.0
6978.0
1345.0
2777.0
776.0
446.0
2214.0
289.0
467.0
5153.0
5824.0
1220.0
1185.0
1759.0
685.0
452.0
3051.0
4165.0
269.0
6807.0
3797.0
2763.0
8105.0
220.0
6369.0
25.0
1158.0
66.0
4676.0
2494.0
6699.0
232.0
255.0
3374.0
36.0
4461.0
4015.0
3862.0
2634.0
8228.0
1456.0
3856.0
635.0
731.0
1041.0
2592.0
2994.0
756.0
4775.0
8107.0
445.0
36.0
2550.0
889.0
1404.0
574.0
1452.0
1840.0
1187.0
697.0
509.0
5054.0
6468.0
985.0
5746.0
3395.0
1748.0
182.0
3595.0
2579.0
783.0
7808.0
975.0
7756.0
436.0
5992.0
294.0
5457.0
106.0
2382.0
7336.0
1806.0
2974.0
113.0
2829.0
394.0
2097.0
599.0
398.0
1846.0
1441.0
1167.0
1871.0
392.0
1714.0
112.0
1626.0
4357.0
1703.0
435.0
2492.0
1086.0
1034.0
7971.0
96.0
139.0
51.0
517.0
2032.0
1748.0
40.0
1666.0
2017.0
1368.0
4706.0
1699.0
2854.0
233.0
525.0
6793.0
3866.0
1270.0
1596.0
