28800
15421
3954
16256
8263
6267
28090
7055
12681
6748
5666
23801
28245
13222
13416
1580
28306
18794
17718
6949
24508
19284
3683
7654
2636
9286
7523
10998
13685
19893
28130
23883
22632
27898
17103
10777
195
506
173
11296
13267
5729
12643
23029
7993
4123
22860
26472
4018
20658
17761
28540
18686
16404
19726
26826
9872
10949
19735
28471
19022
16564
17981
8847
23271
15128
6908
18174
16024
16118
17369
1143
4272
17790
23752
7656
26862
27336
26279
21202
115
26685
25470
14243
23404
18762
17278
13407
1846
12806
1493
21339
5788
16070
19403
5159
9884
16117
24522
16623
6851
296
8622
6534
415
28533
20021
16774
25773
25915
5749
20429
24870
878
3076
17667
5143
27246
12621
10638
26828
25156
14495
11850
12740
3494
21538
12123
26747
722
25106
22298
2968
15818
21594
3374
14756
8744
5949
23768
22459
19739
28157
23363
1881
26661
3465
421
578
12505
10403
761
5290
24315
19117
14292
6554
14353
14244
20298
15485
14629
4747
10327
27405
18906
13469
5703
12861
21120
1109
625
21532
12736
5928
1506
9901
27675
27326
3864
8788
7312
14869
15615
19352
3195
18948
15193
28522
16591
7982
19801
18944
2080
14286
13383
28670
4890
4507
17440
8895
110
19382
22059
20747
23362
1319
27217
18469
22581
11088
13300
12486
19260
3186
3293
9990
4755
9448
8546
27707
9289
14801
21645
24778
21761
9689
17702
89
4091
17011
6058
25225
11308
28576
11743
2041
10828
4652
22860
14328
15546
20398
13039
5474
20285
27481
19188
15990
24837
15276
19878
20950
16832
20216
4302
11051
17572
20813
21888
3937
9221
15010
25531
23352
25990
19862
4440
26106
7719
26702
3204
6920
2566
16137
11709
11061
17152
5011
25245
7418
16389
16966
8134
7057
892
2712
16973
18426
9608
6655
7753
6279
7499
17325
20173
840
27993
20337
8604
25420
2251
27391
195
25119
520
22257
7991
22637
849
1997
22678
28489
17973
14488
20750
9515
27054
8900
12325
4124
4360
19531
9798
24849
3915
15809
26512
1361
327
24427
9416
11397
9479
9978
6970
9070
26636
13828
22756
28688
7908
25905
10306
9280
23916
13804
14629
3699
23891
15735
24359
12273
23429
3384
26258
22989
9775
25686
7449
23094
547
17313
8099
9365
17332
2689
12856
10535
6946
16183
1402
19341
825
24930
18941
17292
15147
8103
15856
3350
27203
4436
11206
10992
1560
6702
8168
18471
28740
6392
28151
15084
15846
23274
21245
16044
20554
14578
10219
9421
